k=2 
l=0.200000 
0.773464661557 0.757068898568 0.755989511283 0.748212209782 0.740749651488 0.737515327528 0.736293992667 0.735993525205 0.735970797977 0.735967206087 0.735953837483 0.735960074169 0.735958088669 0.735952177807 0.735945508822 0.735934463154 0.735915448859 0.735891232488 0.735863731742 0.735839626383 0.735819237442 0.735804179719 0.735799393089 0.735842865485 0.735925448616 0.735981084191 0.736003350417 0.736008133775 0.736005213599 0.735998820181 0.735990853793 0.735982230544 0.735973350373 0.735964463258 0.73595580845

l=0.100000 
0.773380893156 0.756893948885 0.755806266214 0.768634734628 0.763571363077 0.756503162037 0.749964275261 0.744887958173 0.741215546289 0.740276518406 0.738664815014 0.737966121342 0.737627290897 0.737549516336 0.737599934874 0.73764977518 0.737684944203 0.7377115446 0.737743088692 0.737769926871 0.737799592304 0.737825729503 0.737836957758 0.737837375388 0.73782662683 0.737809241563 0.737785893108 0.737756469363 0.737724377786 0.737696874515 0.737671766962 0.737650641027 0.737630162912 0.737604050013 0.737567962289

l=0.050000 
0.773356552422 0.756813961292 0.753300106891 0.74662982461 0.742551214097 0.739268830432 0.736615851928 0.734895589298 0.734257653919 0.734405040318 0.734755103698 0.735062585238 0.735333463749 0.735570654289 0.735774308709 0.735952778808 0.736115230251 0.736274514538 0.736434690933 0.736591456879 0.736745475249 0.736887071671 0.737021573373 0.737147414953 0.737265467912 0.737373618412 0.737472815357 0.737563836805 0.73765038716 0.737730547139 0.73780360269 0.737871298666 0.737933190912 0.737991781727 0.738046676735

l=0.150000 
0.773420330181 0.756978138571 0.755896271631 0.775883981355 0.764448194188 0.754880059213 0.748188487053 0.743738333814 0.741089420517 0.739593578122 0.738656513137 0.738226855801 0.737919809792 0.737668493623 0.737445607023 0.737306020466 0.737201935601 0.737115867922 0.737042929987 0.736977553884 0.736922480874 0.736878520459 0.736832957655 0.736786456365 0.736740678628 0.73669623838 0.736656204982 0.736625262515 0.736605663202 0.736589293477 0.736574517169 0.736563316079 0.736553803549 0.736543617323 0.736534358374

l=0.300000 
0.773559989508 0.757270060237 0.75618792258 0.753211490695 0.746845289864 0.742255357165 0.738806619433 0.736428312452 0.735425931219 0.734925075191 0.73464480635 0.734512979869 0.734452625402 0.734421785075 0.734393590475 0.734388365852 0.734394232841 0.73440101953 0.734408431153 0.734414126165 0.73441876166 0.734423881612 0.734428695281 0.734433979588 0.734439009958 0.734444534329 0.734448486321 0.734451166338 0.734451379418 0.734449817622 0.734447666408 0.73444441418 0.734440715606 0.734437317041 0.734433107943

l=0.250000 
0.773511022382 0.757165087398 0.756087845185 0.742181326795 0.733945021301 0.733187002222 0.73345153448 0.73371772681 0.733867141485 0.733984381003 0.734067861755 0.734146096181 0.734217788911 0.734292043242 0.73436705702 0.734446816756 0.734529495176 0.734624624756 0.734722020866 0.734813385002 0.734893695619 0.734959733296 0.735011559082 0.735049318536 0.735074816689 0.735092307302 0.735100061989 0.735096926828 0.735081216504 0.735056279223 0.735041209252 0.735040690207 0.735043673333 0.735046467744 0.735048443284

l=0.450000 
0.773719120928 0.757609606455 0.75650832518 0.756264349939 0.748941040907 0.742562254634 0.73815414906 0.735938644601 0.734989375746 0.734561294742 0.734333259359 0.734200354062 0.734124336477 0.734074341001 0.734012162394 0.733911484061 0.733855392226 0.733822286895 0.733796865921 0.733775862545 0.733757008953 0.733740538642 0.733725931298 0.733712558635 0.733700409765 0.733689050555 0.733678247603 0.733667965044 0.73365831429 0.733649240158 0.733640701999 0.733633055309 0.733625999735 0.733619451431 0.733613558943

l=0.550000 
0.773844759001 0.757854652499 0.75675094615 0.756540652115 0.750381449401 0.742571101733 0.737941594743 0.73511631031 0.733840854008 0.73338569575 0.733291005874 0.733251397395 0.733251097156 0.733258997034 0.733269790086 0.733282746121 0.733292892376 0.733294228161 0.733285603892 0.733265019658 0.733244134322 0.733241279244 0.733244411788 0.733246328688 0.733245777047 0.733244213207 0.733241944565 0.733238649178 0.733234798209 0.733230704982 0.733226635943 0.733222643432 0.733218803441 0.733215157237 0.733211726368

l=0.350000 
0.773610463663 0.757378777046 0.756290319156 0.755358457388 0.741186073063 0.736905972049 0.734857342888 0.734363339475 0.734402915102 0.734483840832 0.734524649019 0.734555240619 0.734567464742 0.73455999413 0.734539417575 0.734522670666 0.734508151865 0.734492705458 0.734479446418 0.734464876893 0.734449474349 0.734432839765 0.734416793447 0.734401971063 0.734386528899 0.734371030376 0.734352925749 0.734333244648 0.734310232476 0.7342822847 0.734247144699 0.734205372315 0.734169722427 0.734150215184 0.734136783706

l=0.400000 
0.773663162732 0.757491530975 0.756396486747 0.756176209642 0.755329258465 0.746914946212 0.740471201573 0.737242467763 0.735859741789 0.735185864988 0.734822672008 0.734616996356 0.734499650966 0.734425480834 0.734366857599 0.734296749246 0.734188272943 0.734130457332 0.734096233867 0.734070188909 0.734046404757 0.734024229552 0.734003285439 0.733984420806 0.733967952996 0.733953523295 0.733940596758 0.73392947589 0.7339193206 0.733909863676 0.733900930483 0.733892503368 0.73388456249 0.733877100928 0.733870185026

l=0.500000 
0.773780400901 0.757730700301 0.756627289031 0.75642078659 0.766209242349 0.758472389692 0.751836266932 0.745649284663 0.741191097835 0.738021353611 0.735940521236 0.735076481704 0.734602080567 0.734351852853 0.734217584115 0.734137285831 0.734077759892 0.733996463835 0.7338751381 0.733789400266 0.733734981223 0.733691183853 0.733655904857 0.73362429083 0.733598125497 0.733575111803 0.733553703727 0.733533991611 0.733515791411 0.733499527096 0.733485890299 0.733473855303 0.733462730058 0.733452408005 0.733442920073

l=0.600000 
0.773913034172 0.757983783348 0.756878398467 0.756665232064 0.769107772764 0.766972726549 0.761003581279 0.754668052139 0.74897268397 0.743752624305 0.739497942373 0.73658296585 0.734881456427 0.734003558006 0.733233803222 0.733089491552 0.73303131272 0.733020328951 0.733037877579 0.733074853868 0.733103015119 0.733114516935 0.733115887863 0.733102905847 0.733075745366 0.733047367461 0.733036354067 0.73304030221 0.733045550926 0.733048777879 0.73305024558 0.733050494356 0.733049971025 0.733049645666 0.733049135499

l=0.850000 
0.774297889181 0.758674507044 0.757581875924 0.757346039392 0.756054080388 0.745821546689 0.74057975212 0.736549028861 0.734615362797 0.733750229709 0.73329812203 0.733045848698 0.73287714203 0.732768256169 0.732688428171 0.732633875198 0.732605476104 0.73258490083 0.732571006338 0.732560275577 0.732554436293 0.732551966548 0.732554486478 0.732556909563 0.732559735127 0.732562631082 0.73256768442 0.732572599158 0.73257692907 0.73258079205 0.732584224009 0.732587442926 0.732590712957 0.732593740668 0.732596625646

l=0.900000 
0.774380249347 0.758821675265 0.757734573936 0.757496279739 0.755538868827 0.745254775091 0.739928247901 0.736519595873 0.734869125774 0.734031799981 0.733490374439 0.733186104123 0.732974324391 0.73282346082 0.732718768426 0.73264685562 0.73259079625 0.732560277505 0.732540405213 0.732526092233 0.732515400877 0.732511084547 0.732510159633 0.732510975518 0.732512622013 0.732515173714 0.732520752929 0.732526131444 0.732531026165 0.732535434804 0.732539460221 0.7325433576 0.732546931157 0.732550414332 0.732553562822

l=0.750000 
0.774137235078 0.758389366974 0.75728494754 0.757058083142 0.755872023781 0.755385057868 0.753171041595 0.749368874491 0.744761585417 0.740186278319 0.736587832182 0.734540988066 0.73375388083 0.733478400237 0.733390850407 0.733338874625 0.733298350394 0.733240740172 0.733177901193 0.733111325235 0.733049816372 0.732996572968 0.732951916147 0.732915975348 0.732881914338 0.732850566082 0.732822935837 0.732800147126 0.732782487779 0.732773177953 0.732767058146 0.73276313954 0.732759860569 0.73275749681 0.732755299391

l=0.800000 
0.774216304827 0.75853083323 0.757431506899 0.757199951968 0.744921289043 0.734970478591 0.734091683932 0.733827454899 0.733678687768 0.733564116939 0.733435605748 0.733311812859 0.733190826299 0.733076420107 0.732970059314 0.732874625168 0.732795560194 0.732732705485 0.732686228113 0.732649224789 0.7326221403 0.732608849549 0.732605441434 0.732604585927 0.732605362866 0.732606239595 0.732607581571 0.732608995382 0.732611318511 0.732613998216 0.732618572175 0.732623728334 0.732628295371 0.732632395806 0.732636182214

l=0.650000 
0.773985891101 0.758116239207 0.757009204032 0.756792248993 0.752414110997 0.741940358266 0.737066746706 0.734739133752 0.733904752235 0.733543953001 0.733372400526 0.733272800806 0.733191632169 0.733123026271 0.73306843874 0.733021917623 0.732984345664 0.732952337808 0.732925159284 0.732905571542 0.732886755475 0.732868074225 0.732851760265 0.732840770098 0.732835494956 0.732836322012 0.732837522884 0.732838498635 0.732839455817 0.732840623809 0.732842958131 0.732847673928 0.732852923058 0.732857633929 0.732862001415

l=0.700000 
0.774060961828 0.758251367491 0.757144065483 0.756923177968 0.753954148013 0.752428765609 0.746822824861 0.741976270641 0.738118178403 0.735741866002 0.734574936816 0.73388828812 0.73350728316 0.733262775849 0.733086992766 0.732957426686 0.732867144398 0.732804838068 0.732768269769 0.732741424764 0.732718476593 0.732708226676 0.732702587125 0.732698056793 0.732694650214 0.732694514244 0.73269628162 0.732700239351 0.732707305865 0.732713792667 0.732719767796 0.732725495061 0.732730774314 0.732736045081 0.732741552174

k=3
l=0.300000 
0.77360272269 0.757254986939 0.756185003726 0.75251081434 0.750052188754 0.747753107267 0.747327776366 0.74779234271 0.748499250518 0.748769749791 0.748687860163 0.748729293564 0.748937565912 0.749031288014 0.748898441495 0.748625414171 0.748308451183 0.747983946494 0.747624473283 0.747199209651 0.746903982655 0.746372675576 0.745785250754 0.745284415279 0.744903855843 0.744711781881 0.744625021239 0.744500214446 0.744368293761 0.744220694189 0.744082062062 0.743945070099 0.743854366843 0.743803615021 0.743771375404

l=0.050000
0.77335718792 0.756815905578 0.754666411301 0.754472889864 0.752162701625 0.75169422793 0.751474217561 0.751350970322 0.751278533514 0.751193422489 0.75122229487 0.751172936844 0.750998532588 0.750891133633 0.75082755082 0.750808468643 0.750688511768 0.750564788889 0.750466525606 0.750593731978 0.750567918893 0.750522584754 0.75051619488 0.75054770149 0.750595510244 0.750644848221 0.750695137893 0.750741682502 0.750770837542 0.750803880906 0.750853695054 0.750907377132 0.750970874792 0.751022820665 0.751010828137

l=0.150000 
0.773444391267 0.756977921942 0.755902311817 0.76387376241 0.759832503659 0.758992272986 0.758827845869 0.758393571352 0.757659017556 0.756787388813 0.755791456751 0.755236630698 0.754733327848 0.754197229611 0.753585916773 0.752943577764 0.752200692642 0.751510557674 0.750989209621 0.750736742591 0.750574003812 0.750409798952 0.75023170093 0.750092643265 0.750021136917 0.75000358137 0.749962211901 0.749960864589 0.75002429274 0.750086406038 0.75010227599 0.750118345621 0.750141613088 0.750175171093 0.75022225488

l=0.200000 
0.773492181923 0.757066730783 0.755995216782 0.751765169469 0.748242697137 0.748861539121 0.748809808288 0.748979191529 0.749267128008 0.74981792339 0.750255033075 0.750634830695 0.750895042775 0.751033795863 0.751088364879 0.751104306921 0.751083111609 0.751071232682 0.751078733571 0.751104081947 0.751116470475 0.75110482647 0.751099412528 0.75107565923 0.751058818313 0.751061161175 0.751087310731 0.751113415635 0.751117726809 0.751120283922 0.751115250747 0.751091136793 0.751060424244 0.75103599883 0.751060658482

l=0.250000 
0.773545376612 0.757158808998 0.75608843397 0.74262523769 0.749115472113 0.751216809932 0.750288614874 0.74977162748 0.749812417995 0.749586110629 0.74904443758 0.748465908716 0.748126450868 0.74790455768 0.747710877681 0.747592252483 0.74737188177 0.74712857058 0.746880642398 0.746618335313 0.746339714796 0.746108690464 0.745923376802 0.745785674118 0.745672161494 0.745514878746 0.745396920618 0.745411268773 0.745346190833 0.745242981122 0.745195148 0.745088042879 0.745007405854 0.744955794591 0.744908678813

l=0.100000 
0.77339748561 0.756896286121 0.75580924062 0.7721685823 0.771884504642 0.769000299708 0.765806179576 0.762597625437 0.760416506538 0.759346747144 0.758457288832 0.758130625948 0.757885729084 0.757663644447 0.757271122409 0.756811308954 0.756356637753 0.755920298387 0.755574061416 0.755283335277 0.75504863779 0.75487171196 0.754734981605 0.754607285058 0.754490337567 0.754380713315 0.754228874682 0.754058807959 0.753825493295 0.75395450513 0.754238172326 0.754314448988 0.754237793544 0.754078149957 0.753889741761

l=0.450000
0.773796350221 0.757560886025 0.756485542944 0.756256168337 0.744436963524 0.743539823635 0.743116062 0.74326137565 0.74346253608 0.743593906389 0.743597997408 0.743485616987 0.743336542285 0.743168168262 0.742969063168 0.742824529596 0.742756337657 0.742680380148 0.742567117058 0.742427213308 0.742324621781 0.742229204219 0.742143209598 0.74205782792 0.741970883316 0.741885493497 0.741793874486 0.741693376649 0.741591794799 0.741482574604 0.741372153757 0.74126964817 0.741156799087 0.74102774788 0.74087272995

l=0.500000 
0.773862342017 0.757669074731 0.756595542222 0.756406635107 0.763019133985 0.756614986003 0.755399949548 0.754098896262 0.752875138734 0.751794382857 0.750621350821 0.749678319104 0.748746020008 0.747851309994 0.746986294753 0.746169822368 0.745422038178 0.744706672531 0.744042988288 0.743454268358 0.742936049671 0.742495426072 0.742114397355 0.741789959715 0.741529570648 0.741313722111 0.741116859588 0.740986733981 0.740897147195 0.740813063364 0.7407232832 0.740639863515 0.740576886329 0.74051798611 0.740466488586

l=0.600000
0.773995741112 0.757899486721 0.756824932494 0.75663368823 0.7620312869 0.752931054419 0.74975812471 0.748160121657 0.746851422108 0.74574050928 0.744642052982 0.743680945639 0.742819188138 0.742095129971 0.741457173619 0.740822906063 0.740229038078 0.739705749347 0.739284603364 0.738965696799 0.738700258853 0.738459676691 0.738262830891 0.738121664893 0.738019025798 0.737933733804 0.737875302 0.737839074333 0.73784121111 0.737854870423 0.737874124971 0.737917555569 0.737960032581 0.738015673311 0.738090973983

l=0.550000 
0.773928265203 0.757782457702 0.756708748441 0.756519338288 0.762643207941 0.753875411049 0.750413857378 0.749518042667 0.7492444388 0.749170577078 0.749158855405 0.749136831116 0.749075971495 0.748986229657 0.748885879781 0.748767228143 0.748656476787 0.748575293277 0.748494253115 0.748429531291 0.748393692553 0.748371316295 0.74835610084 0.748327442543 0.74828115139 0.748232362572 0.748185316644 0.748152839228 0.748131027771 0.748116942497 0.748112139801 0.748109798234 0.748109703401 0.74811460919 0.748122175993

l=0.400000 
0.773730512717 0.75745541879 0.756383069241 0.75606734768 0.749495961675 0.747337295052 0.746573431946 0.745676119551 0.745194410375 0.744731745749 0.744323380836 0.744085394408 0.743983885075 0.743842756476 0.743626755465 0.743316574168 0.742976589368 0.74267055104 0.742399426436 0.742202722161 0.74202621881 0.74185550772 0.74168569009 0.741568255799 0.741508931777 0.741506479584 0.741529572781 0.741584210174 0.741628487306 0.741666407285 0.74169576323 0.741741525938 0.741784892704 0.741817003241 0.741844011029

l=0.350000 
0.773665986968 0.757353178859 0.756283426139 0.754753963436 0.760782760173 0.756429982197 0.753251240025 0.752368378041 0.752206558989 0.751470407587 0.750578464166 0.749644771937 0.748814245768 0.748059218586 0.747415499457 0.746876613157 0.746360130161 0.745843033633 0.745382880452 0.744934270862 0.744488532413 0.744121188394 0.743798381617 0.743502102055 0.743238068387 0.742990787588 0.742761936494 0.742557274191 0.74237823418 0.742223791492 0.742103544404 0.742034075582 0.741975780124 0.741910742575 0.741862951455

l=0.700000 
0.774141537694 0.758144703276 0.757067963964 0.756870650026 0.751816123715 0.747835052385 0.743752076666 0.741720220279 0.740698767035 0.739911917082 0.739356371859 0.738814393823 0.738349872701 0.737986632255 0.737712201 0.737525790823 0.737377819149 0.737302356303 0.737299662402 0.737295473616 0.737283006801 0.737260208035 0.737231927521 0.737212432808 0.737228123786 0.737265673727 0.737297133069 0.737336534325 0.737373046253 0.73741578707 0.737488415027 0.737540190788 0.737576775287 0.737600670961 0.737616284134

l=0.850000 
0.774388907353 0.75852236095 0.757453201993 0.757247719571 0.755379248602 0.750406644324 0.746632645695 0.742641936215 0.739984828243 0.73838642697 0.737270324936 0.736555917768 0.736130475674 0.735885021246 0.735832713366 0.735827006115 0.735850960471 0.735892654402 0.735946072028 0.73598480711 0.736010593992 0.736045474157 0.736097974725 0.736148745721 0.736187940754 0.736220487094 0.736248061213 0.736285748047 0.736323833852 0.73636247841 0.736394664532 0.736421079228 0.736441747347 0.736457877177 0.736469975308

l=0.800000 
0.774301725251 0.758394645125 0.757322380785 0.757116348614 0.744626095837 0.74864505259 0.752436906035 0.753262835232 0.752287636738 0.751031683947 0.749611690599 0.748198813251 0.746944877305 0.745877365129 0.744982411705 0.744167642228 0.743381313064 0.742610622282 0.741949145748 0.741346184389 0.740731224566 0.740088184711 0.73946832938 0.738936262244 0.738442793824 0.738026821134 0.737677169447 0.737399832654 0.737157453563 0.736988147502 0.736855821209 0.736763243456 0.736680104648 0.736621601239 0.736580120153

l=0.900000 
0.774479163263 0.758654128184 0.75758699775 0.757380959797 0.756460804454 0.744487616226 0.741789470595 0.740739104473 0.739894556006 0.739282911556 0.738694940683 0.738144957439 0.737665455925 0.737272305135 0.737012400805 0.736752667059 0.73647174011 0.736245931723 0.736075592042 0.735944365449 0.735837035279 0.735752215064 0.735701826987 0.735683700524 0.735668001233 0.735662061364 0.73565426288 0.735656866716 0.73572517156 0.735811444449 0.735855924797 0.735886020842 0.735916503359 0.735951327791 0.735988482626

l=0.750000 
0.77421962532 0.758268871475 0.757194704004 0.756992378097 0.753080871277 0.753216054047 0.752361884318 0.748740565351 0.745161045981 0.743092582176 0.742229570748 0.74188902275 0.741707445181 0.741630793264 0.74160331562 0.741620790586 0.741648675376 0.74164932529 0.741652202103 0.74165342053 0.74164119856 0.741644200918 0.741648764132 0.741695478685 0.741742710127 0.741791758908 0.741832208426 0.741860438342 0.741866276647 0.741856740447 0.741837352867 0.741810925454 0.741771498317 0.74172096507 0.741670596578

l=0.650000 
0.774066537953 0.75802122801 0.75694514044 0.7567509006 0.745333372606 0.738989122923 0.738830119599 0.738574690441 0.738798718016 0.738971577347 0.738971112698 0.738795619362 0.738517322709 0.738207344075 0.737929668731 0.737729005844 0.737583180126 0.737428750152 0.737294464212 0.737180421033 0.737133849836 0.737215170491 0.737220919637 0.737140350496 0.737022941758 0.736892004759 0.736786138061 0.736707281393 0.736642867812 0.736588657003 0.73657698697 0.736580048958 0.736597695756 0.736609494636 0.736634775222

k=4

l=0.250000 
0.773606675298 0.757209683237 0.756140839778 0.742915786002 0.758152933011 0.762837929627 0.764456511709 0.764723890828 0.764618222532 0.764393636664 0.764080710233 0.763806049926 0.76363610953 0.763480353115 0.763415352308 0.763482783392 0.76364190365 0.763823931485 0.763979462377 0.764103008921 0.764231973911 0.764353827487 0.764511990955 0.764653710159 0.764777747033 0.764886001302 0.765011172919 0.765136692426 0.765219295556 0.765301131357 0.765367640342 0.765427041655 0.765501512559 0.76554360822 0.765567919602

l=0.050000 
0.773365683086 0.756825121297 0.755200819179 0.770697033667 0.77323745613 0.774405456313 0.775716231456 0.777210518447 0.777585652652 0.777131758635 0.776436665587 0.775840564472 0.775348118272 0.775441624471 0.775602892363 0.775826730648 0.776403737362 0.77696072732 0.777712898317 0.778299529571 0.77874121995 0.779114698103 0.779814546181 0.780430772915 0.780975867499 0.781414499097 0.781795466975 0.782140526659 0.782504032021 0.782833687116 0.783022678485 0.783092801261 0.78378637478 0.784030649429 0.78410578402

l=0.300000 
0.773681862922 0.757312590239 0.75624591421 0.75251218308 0.761712575104 0.764354406896 0.764276131824 0.764893742412 0.765270313894 0.764947934797 0.76517975785 0.765025984865 0.764743190684 0.764399815856 0.764013644049 0.763665459359 0.763322262198 0.763050479874 0.762872181689 0.762778844404 0.762733195393 0.762692898762 0.762742750493 0.762907620157 0.763151846438 0.763410020281 0.763609326431 0.763765351664 0.763859802414 0.763936416847 0.764018778467 0.764111300244 0.764192606528 0.764313192195 0.764379377595

l=0.150000 
0.773476130886 0.757009574185 0.755935845592 0.761831483806 0.770278151655 0.769692064363 0.767755207931 0.765611940861 0.764267128271 0.763851868723 0.763623888255 0.763536700708 0.763273200135 0.763266551981 0.763341536926 0.763442485205 0.763659998381 0.763921385859 0.764113037199 0.764225519966 0.764327220598 0.764476753667 0.764658782332 0.764877615051 0.76509668507 0.765246565791 0.765351777477 0.765411292313 0.765432767587 0.765429184612 0.765384616481 0.765344256167 0.765332043785 0.765310092809 0.765380144458

l=0.100000 
0.773419828261 0.756914391298 0.755830888895 0.772132198226 0.772609316639 0.773795779584 0.774039410359 0.774121801765 0.773915193858 0.773748084392 0.77373062116 0.773664938887 0.773656215551 0.773564640487 0.773368760799 0.773168198399 0.772721030745 0.772363823649 0.772078774824 0.771859758966 0.771655995506 0.771605905939 0.771502901161 0.771388128961 0.771225428891 0.771063235244 0.770946288853 0.770842008776 0.770783956948 0.770895606703 0.771062021005 0.771242219579 0.771440536209 0.771642751665 0.77183137437

l=0.200000 
0.773536725218 0.757108150081 0.756036942116 0.751338768626 0.765637411921 0.765777424903 0.766163305045 0.76662705487 0.766691936908 0.766516623487 0.766441525793 0.766403767464 0.766254352262 0.766153081937 0.766009527193 0.765852856819 0.765652576603 0.765453908702 0.765303049651 0.765123128893 0.764904755288 0.764668008324 0.764379820427 0.764071305203 0.763790017388 0.763574111901 0.763341707757 0.76319462103 0.763040323257 0.762809051524 0.762531693647 0.762219851209 0.761898042521 0.761574306767 0.761279487372

l=0.500000 
0.773993243927 0.757765771512 0.756712064196 0.756530622387 0.763016678961 0.763422602008 0.764671699014 0.764552107847 0.763824699943 0.762753043298 0.761617017798 0.760647968512 0.759860696089 0.759187021399 0.758609151005 0.758134612666 0.757859066287 0.757597901138 0.757464799443 0.757332014075 0.757218866816 0.75710825912 0.757027352912 0.756884693646 0.756740054347 0.756595723299 0.756447248845 0.756346574874 0.756354876532 0.756322807847 0.756247655078 0.756158221523 0.756059051753 0.755975660282 0.755896843837

l=0.350000 
0.773758861109 0.757419669108 0.7563542571 0.754936192313 0.759292367853 0.762507055622 0.76348447995 0.764276721406 0.764127923652 0.763532656954 0.762828047745 0.761986964565 0.761149172999 0.760312595733 0.759497057885 0.758778989698 0.758128597051 0.75747771982 0.756909284478 0.756410684737 0.755999686912 0.755648950472 0.755325609732 0.755047350019 0.75481330675 0.754617682052 0.75448079336 0.75440103966 0.754349716917 0.754309997003 0.754274239964 0.754231375497 0.75418304474 0.754135628462 0.754085247771

l=0.400000 
0.773835877175 0.757530663971 0.756470459721 0.756105476412 0.754045633496 0.760437322944 0.762538049018 0.762736886163 0.761941591085 0.761067591942 0.760105293246 0.759345868914 0.75878651253 0.758445975394 0.758313459011 0.758227525526 0.75810727813 0.757929283043 0.757707403633 0.757473733701 0.757233418 0.756992710743 0.756731385876 0.756501144873 0.756294409469 0.756066923356 0.755830287361 0.755646607767 0.755518565962 0.755381819367 0.75523917974 0.755063169003 0.754872721524 0.7546948093 0.754508096252

l=0.450000 
0.773913418314 0.757644930441 0.756590616236 0.756344734968 0.743723339596 0.747292977729 0.749255289673 0.75100040543 0.75290683792 0.754417927996 0.755511784615 0.756485451316 0.757198636481 0.757630576502 0.757860232698 0.757966980495 0.75803361368 0.758037139332 0.758000789506 0.75794096576 0.757859971183 0.757762310701 0.757652539172 0.757584746282 0.757527775439 0.757410712045 0.757334268918 0.757358373914 0.757438208705 0.757579157683 0.757656342342 0.757689083388 0.757698901997 0.757692185594 0.757674665032

l=0.600000 
0.774168464254 0.75801246762 0.756962376614 0.756778398686 0.756718343012 0.755064712251 0.756964272001 0.756673488253 0.756035054957 0.755617338498 0.755333256492 0.75503065284 0.754666508076 0.754341995899 0.754059157652 0.753848552349 0.75370284548 0.753601143769 0.753534228162 0.753611436873 0.753722732473 0.753769927539 0.753771646445 0.753748415919 0.753716683726 0.75368461852 0.753643972164 0.753612235317 0.753576947797 0.753533798545 0.753487884096 0.753436973322 0.753381803172 0.753343918774 0.753306385055

l=0.550000 
0.774078543415 0.757889255176 0.756837014477 0.756654544697 0.749621974234 0.752526109669 0.753007279378 0.752733645183 0.752386992416 0.752131263681 0.751988130339 0.751833987053 0.751720684621 0.751881840975 0.751864128388 0.751773846213 0.751682076375 0.751589545558 0.751545913286 0.751501575946 0.751451759272 0.751418531532 0.751431958462 0.751457499898 0.751493413472 0.751558502536 0.751620982758 0.751656375206 0.751690842301 0.751730891206 0.751768273403 0.751804756425 0.751831456886 0.751850608627 0.751852004031

l=0.800000 
0.774572315323 0.75855020542 0.757500127814 0.757310621936 0.745504125498 0.748591399988 0.751708956651 0.752704830682 0.752674058798 0.752541816423 0.752368927223 0.752128007766 0.751829299785 0.751532329101 0.751284295075 0.751174957699 0.75103315179 0.750841362587 0.750594904933 0.750380949385 0.750173423626 0.749999843211 0.749856066315 0.749734100661 0.749543634224 0.749302520378 0.749046698225 0.748748687099 0.74843461709 0.748079304417 0.747745909745 0.747540740853 0.747438445583 0.74730059917 0.747171431162

l=0.700000 
0.774364757967 0.758269012102 0.757222674216 0.757038488155 0.745375208827 0.744973159551 0.746362533746 0.746854565118 0.746878316324 0.746745570941 0.746776915531 0.746814669871 0.746929521097 0.747010435275 0.747023377163 0.746940167361 0.746765341981 0.746557580124 0.746391009655 0.746248960051 0.746144924071 0.746009414846 0.74583550142 0.745653233512 0.745454993385 0.745243419086 0.745076495851 0.74493171942 0.74480808353 0.744722682604 0.744669666028 0.744638456237 0.744614420852 0.744597394609 0.74458561134

l=0.750000 
0.774467480301 0.758407699636 0.75735915234 0.757172535887 0.746503509121 0.756826915565 0.757789733342 0.757474347922 0.756622578532 0.755589093894 0.75492186244 0.754484173307 0.754030184711 0.753664593528 0.753338957352 0.753046986547 0.752837493377 0.752638294497 0.75245229665 0.752251881423 0.752032639592 0.751810178314 0.751599743774 0.751373362201 0.751162226414 0.750964466221 0.750769329682 0.750589621889 0.750418196054 0.750258881435 0.750110653461 0.749969655564 0.74983400143 0.749700757424 0.749572355359

l=0.650000 
0.774265325767 0.758138277859 0.757089788517 0.756906984109 0.746448488494 0.747253286843 0.74581052331 0.744911738798 0.74460669166 0.744558962595 0.744733797163 0.74510597907 0.745526669249 0.745862175682 0.746156098633 0.746353554056 0.746465228155 0.746542312678 0.746603555761 0.746674955026 0.74679299749 0.746832379149 0.746868109678 0.746880052539 0.746845769981 0.74678643541 0.746710759452 0.746634262934 0.746530732062 0.746395740048 0.746244173613 0.746103147416 0.745971169715 0.745839347534 0.745709488366

l=0.900000 
0.774787354358 0.758840958508 0.757788239506 0.757595411592 0.754928719925 0.74699548852 0.750934806414 0.752236539031 0.752298085461 0.751958814208 0.751454590416 0.750875055206 0.750302308085 0.749815473242 0.749337548029 0.748945208333 0.74864834242 0.748360883925 0.748092366951 0.747853930231 0.747646349686 0.74748194431 0.747350204323 0.747237139331 0.747194204865 0.747189299532 0.747196073048 0.747211043282 0.747241424049 0.747258459776 0.747258071501 0.747235866148 0.747210435299 0.747177368518 0.747154779166

l=0.850000 
0.774679329839 0.75869494198 0.75764308243 0.75745160926 0.756232185588 0.746869412152 0.747510484703 0.747237154776 0.747006691765 0.74677014277 0.746557556808 0.746327042823 0.746192508082 0.746070873151 0.745960717905 0.745852789556 0.745716546812 0.745533518645 0.745331207406 0.7451199436 0.744911622514 0.74472137261 0.744558292549 0.74440429296 0.744280781877 0.744162899171 0.744051152751 0.743944343342 0.743840222962 0.743743546771 0.743679626039 0.743631161524 0.743568635947 0.743499486749 0.743428901927


k=5

l=0.150000
 0.773512486376 0.757050839495 0.755977700049 0.759795615329 0.780020416647 0.780043580236 0.778674223671 0.77775731676 0.777013988858 0.776369464785 0.77606899426 0.775871746035 0.775798017523 0.775923436024 0.776067168222 0.776305792778 0.776601022478 0.776913063736 0.777254466306 0.777559156943 0.777850598217 0.778140089662 0.778495255022 0.779008470317 0.779431430184 0.779766249111 0.780047679665 0.780290375209 0.78049835543 0.780665665719 0.780810249607 0.780937724495 0.781067258176 0.781201995659 0.781420057446
l=0.200000
 0.773592843036 0.757164734206 0.756094328587 0.75116158171 0.774376595125 0.777209651561 0.777761412946 0.778113560797 0.778686195622 0.779273032143 0.779680295524 0.779843626599 0.779922607306 0.779837270451 0.779697387324 0.7795647162 0.779411577558 0.779210307179 0.779022037296 0.778803609829 0.778630775867 0.778512526901 0.778429996482 0.778342923307 0.778244276066 0.77817618585 0.778189814561 0.778203639183 0.778154483966 0.778068065696 0.777977358524 0.77792880106 0.777886041287 0.777815916295 0.777718723043
l=0.300000
 0.7737721362 0.757398449935 0.756335150888 0.753322250612 0.759221308273 0.770233476398 0.77428060957 0.776092624539 0.776710332761 0.776625380256 0.77622863822 0.775957911981 0.77575561679 0.775353109217 0.774989146385 0.774682321611 0.774338562388 0.774088119489 0.773844921333 0.773657538717 0.773508615904 0.773441824418 0.773410559484 0.773381356406 0.773378054379 0.773382985514 0.7734313923 0.773510202016 0.773601383712 0.773696849188 0.773809496768 0.773951888815 0.774101742067 0.774248812435 0.774396653646
l=0.250000
 0.773682162761 0.757279199567 0.75621187717 0.743238382965 0.765040432454 0.773293139619 0.776435208278 0.778202442898 0.779526174977 0.779968352834 0.77986622731 0.780395483023 0.780979631718 0.781402498276 0.781832270881 0.782219246639 0.782610208815 0.783042502724 0.783410934432 0.783661811628 0.783828177566 0.783970835341 0.784104236562 0.784229685873 0.784358308629 0.784447871959 0.784520510607 0.784619538137 0.784773937734 0.784899627401 0.784991433796 0.78506615833 0.785094670691 0.785071702983 0.784999888407
l=0.050000
 0.773376590414 0.756837599436 0.755396181839 0.785211324221 0.791380250344 0.794285765561 0.795863239712 0.798096889392 0.799575540853 0.800655195015 0.800928428024 0.80213007517 0.803348040742 0.804129618771 0.804491094752 0.804627439449 0.804728493718 0.80476489016 0.804616549739 0.804218782296 0.80402469562 0.803867666587 0.803542848118 0.803290652146 0.803041786817 0.802804980788 0.802965578619 0.80308152431 0.803106636915 0.803422733751 0.803435233592 0.803553845859 0.803795708023 0.804048662656 0.804292261429
l=0.100000
 0.773443383121 0.75694051476 0.755859205263 0.762012136433 0.775612214927 0.781225963873 0.784228292338 0.785977327492 0.787170108511 0.788392097468 0.789348117954 0.789794569199 0.790054956132 0.790321484566 0.790623900271 0.790743953189 0.790667869738 0.790621884545 0.790599891528 0.790545961955 0.790505815645 0.790441365989 0.790373719278 0.790297448229 0.790262107019 0.790211600834 0.790139678805 0.790045085931 0.789943921677 0.789839997939 0.78974150401 0.789648351471 0.789554657382 0.789462658659 0.789359593135
l=0.600000
 0.774399634363 0.758202490142 0.757172359135 0.756993446344 0.758948493427 0.764527378772 0.764525347973 0.765032897467 0.76528308504 0.765573331842 0.765846467747 0.765973248187 0.766067152863 0.766283401225 0.766418293991 0.766440648038 0.766513639117 0.766417098515 0.766178907854 0.765898176153 0.765570029856 0.765159775793 0.764725487184 0.764279740272 0.763810917309 0.763333065287 0.762865128119 0.762428104022 0.762020802321 0.761636022732 0.761283978858 0.760982141962 0.760730607816 0.760523976849 0.760331280905
l=0.450000
 0.774055392679 0.757786859823 0.75674031731 0.756483935457 0.742373461673 0.755662656073 0.757915728084 0.758374865346 0.758614828426 0.758894194293 0.759235356255 0.759414581346 0.759553101282 0.759592023098 0.759545910603 0.759513680082 0.759556473098 0.759674848397 0.759813996039 0.760023334718 0.760211347413 0.760356104182 0.760485302929 0.760681503163 0.760881556786 0.761085728757 0.761296384473 0.761490301723 0.761662330249 0.761829973812 0.761998323046 0.762151749098 0.762301781673 0.762448262266 0.762581336191
l=0.350000
 0.773861445633 0.757522800433 0.756467778655 0.75497662579 0.76194779044 0.772540130996 0.775944022663 0.777974097285 0.779227123026 0.779739260367 0.779621778594 0.779277253085 0.778873875832 0.77834658412 0.777753898286 0.77729998051 0.776831102257 0.776338948725 0.77582444756 0.7753399105 0.77495147513 0.77460768965 0.774297181268 0.773996449399 0.773703703429 0.773396582748 0.773072783276 0.772738855107 0.772482959785 0.77220201368 0.7719102791 0.771592216973 0.771291142158 0.770955558202 0.770624782273
l=0.500000
 0.774164252217 0.757919283251 0.75687864581 0.756700710232 0.760475243974 0.766388526241 0.766800738296 0.767845610897 0.768362685772 0.769065180686 0.769352620378 0.769297494153 0.769168067344 0.768908290827 0.768730296137 0.768630538662 0.768529024898 0.768446880254 0.768306937061 0.768180408938 0.768083759903 0.768039342522 0.767982611306 0.767941590468 0.76789701073 0.767854501345 0.767806986012 0.767761294941 0.767704464326 0.767648298981 0.767589130312 0.76753356919 0.767478825055 0.767443329001 0.767436032164
l=0.400000
 0.773954748338 0.757653606074 0.756602358437 0.756206743143 0.747466947809 0.759156033425 0.763849305215 0.76630117296 0.767587803652 0.768404407933 0.769308314473 0.770150193757 0.770613266237 0.770914782388 0.771218302768 0.771313644813 0.771271536098 0.771186704553 0.771108209759 0.77102738318 0.77089902042 0.770816401981 0.770805643442 0.770772575442 0.770705753515 0.770624465664 0.770550853599 0.770476473933 0.770392895175 0.77031926871 0.770208686065 0.770061214814 0.76988934772 0.769703191384 0.769509644682
l=0.550000
 0.7742791663 0.758055299646 0.757022418758 0.756845051959 0.745302349684 0.754130405659 0.760254396798 0.762036697529 0.762669617599 0.763089531863 0.763397085699 0.7635452597 0.763492316346 0.763199440432 0.762855236008 0.762702346548 0.762654919389 0.762628114482 0.762772075261 0.762983003868 0.763124387935 0.763221636907 0.763328880548 0.763389472784 0.763391765478 0.763374063571 0.763367771819 0.76337415744 0.763371745561 0.76337016301 0.763364331168 0.763353760848 0.763368925034 0.763388640731 0.763410419805
l=0.800000
 0.774901942602 0.758828333487 0.757797522647 0.757611911367 0.747440793026 0.751206662711 0.758259676465 0.759574567526 0.759393784717 0.759294366115 0.759492751752 0.759790931243 0.760036470241 0.760098088836 0.760098659395 0.759932834607 0.759737257164 0.759545811943 0.759342846405 0.759079485548 0.758772617153 0.758448932979 0.75816980583 0.757909927622 0.757657581658 0.75742136606 0.75717409654 0.756938708359 0.756721524451 0.756491601288 0.756272424511 0.756059042864 0.755874440558 0.755708094482 0.755579291474
l=0.650000
 0.774522621451 0.758355866569 0.757326037975 0.757144902715 0.748807905549 0.760050780244 0.764148336134 0.764263925747 0.763645481526 0.762854913291 0.761956535846 0.761064013896 0.76024455435 0.759456140864 0.758726995901 0.75803189729 0.75740318405 0.756958834921 0.756630757297 0.756400443978 0.756261934085 0.75623485575 0.756256128997 0.75630346836 0.756355076721 0.756422283137 0.756466468711 0.75649435274 0.756522093559 0.756676706859 0.756829232028 0.756950838626 0.75704435738 0.757114722455 0.757171030316
l=0.700000
 0.774646514065 0.758510755731 0.757480325137 0.757297986516 0.750723384193 0.759304201932 0.762960190455 0.763619968099 0.763503548499 0.763104901432 0.762581051594 0.762035849614 0.761525676173 0.761013691693 0.760665960474 0.760446506221 0.760315085288 0.760202022701 0.7601089534 0.760003367399 0.759941103806 0.759922986358 0.759894145547 0.759863273433 0.75983924635 0.759786845752 0.759710690048 0.759619358193 0.759516388543 0.759413053773 0.759287791925 0.759160519444 0.759031385418 0.758901200492 0.758757083027
l=0.750000
 0.774772278874 0.758668445746 0.757636286751 0.757453477737 0.74581151773 0.752921052687 0.758192809269 0.759382678979 0.759444045448 0.759145753553 0.758899330693 0.758653734856 0.758439419534 0.758295505003 0.758273806827 0.758343770774 0.758360262746 0.758383429293 0.758451592996 0.758481065132 0.758502226875 0.758473454399 0.758407441961 0.758409847296 0.7585176899 0.758587095015 0.758625413918 0.758665966387 0.758693776126 0.75869523884 0.758677763527 0.758655745125 0.758631271449 0.758599472576 0.758568636299
l=0.900000
 0.775171755644 0.759158277061 0.758129436754 0.757936059108 0.755144732885 0.743652448098 0.750409184198 0.753802303922 0.755595319207 0.756556869719 0.756933439361 0.756771668349 0.756425262363 0.756039704145 0.75571498058 0.755424062121 0.755169251477 0.754959092076 0.754763670651 0.754562028039 0.754328883702 0.754096005417 0.753882492141 0.753681481777 0.753495198265 0.753323256186 0.753161434569 0.753020064501 0.752897900789 0.752775023937 0.752649695556 0.752528561369 0.752419327295 0.752303514282 0.752198115861
l=0.850000
 0.775033092467 0.758990205368 0.757961147233 0.757771483505 0.7521038452 0.749625690069 0.760314651274 0.763905229007 0.764552543373 0.764291586071 0.763782281813 0.763184528269 0.762578653833 0.761989954743 0.761613695414 0.761116525736 0.760507030916 0.75988657593 0.759196193379 0.758604438136 0.758082950213 0.757636464125 0.757270025373 0.756883653185 0.756428818688 0.755954890114 0.755517980582 0.755111790843 0.754693619606 0.754294364871 0.753924824439 0.753607933245 0.753324126827 0.753074092091 0.752844082395
k=6

l=0.100000
 0.773467225809 0.756971388003 0.755891992978 0.78119030369 0.798032850206 0.803795392084 0.807437220864 0.809504176395 0.810807599413 0.811537831191 0.812343842265 0.813440441945 0.814639274454 0.815930555475 0.817197003868 0.818145205759 0.818807382706 0.819304845224 0.819700306181 0.820029831641 0.820323111763 0.820559264568 0.820757588599 0.820968063087 0.82116090244 0.82129156153 0.821576216584 0.822043579016 0.82237627785 0.822756323015 0.82313218047 0.82355433815 0.823956491318 0.824337585877 0.82458730644
l=0.200000
 0.77365582749 0.757226915807 0.756158151712 0.75050691397 0.803625771855 0.811438950499 0.81378028934 0.81476004183 0.814543003505 0.813444828947 0.812094902143 0.810916472591 0.809942221786 0.809349965541 0.808747351768 0.808207193562 0.807679679459 0.807240546593 0.806814549005 0.806328293024 0.805852771718 0.80539642559 0.805034495656 0.804740483638 0.804481375059 0.804270973437 0.804036032774 0.803787379169 0.803455511118 0.803039132188 0.802716790401 0.802426664986 0.802125980729 0.801853358162 0.801690062156
l=0.150000
 0.773553115359 0.757098454694 0.756024857313 0.761195694579 0.799968123842 0.803805219897 0.802794431559 0.800987364842 0.799445492112 0.798677803907 0.798539435031 0.798818552418 0.799014620184 0.799009367385 0.79896088252 0.798739457601 0.798638268593 0.798894948764 0.799358701139 0.799903877653 0.800455631993 0.800948232255 0.801443833114 0.801986536926 0.802501147594 0.802986449009 0.803459391508 0.803931114891 0.804349679469 0.804758341505 0.805107960577 0.80541265965 0.805677633892 0.805956610978 0.806198870392
l=0.050000
 0.773388688548 0.756851338762 0.755409753561 0.801160723744 0.809232611979 0.813501179883 0.81812295662 0.822742076671 0.825469018911 0.827596859878 0.828928265403 0.830200007307 0.831030993782 0.831606331054 0.832301707296 0.83322653654 0.834240376859 0.835115029158 0.835826324223 0.836755255263 0.837570809965 0.838243412211 0.838833406434 0.839376431158 0.839812398228 0.840105277406 0.84036313623 0.840739743365 0.841083762723 0.841364568189 0.841603349181 0.841860146199 0.842214777263 0.842613158329 0.842827758258
l=0.250000
 0.773760470816 0.757360494766 0.756296161242 0.74365490108 0.776495121223 0.787784712419 0.79188793674 0.793983573645 0.795482595564 0.796427878605 0.796904667363 0.797052842653 0.797085486014 0.79687273732 0.79656104502 0.796217170431 0.795928814466 0.79561300039 0.79526529371 0.794912917133 0.79471299777 0.79461641443 0.794631168515 0.794643805388 0.794770652135 0.794858171234 0.794898026094 0.7949227864 0.794938829404 0.794950754676 0.794959429653 0.794970791798 0.794970896222 0.794999557415 0.795056012244
l=0.300000
 0.773864925942 0.757500271334 0.756445410429 0.753581602935 0.762340138909 0.774662725748 0.781234414626 0.785035314191 0.787642239182 0.78951676081 0.79079026528 0.791757001583 0.792584635677 0.793379251531 0.793999693429 0.794342740105 0.794450411822 0.794518352351 0.794705097908 0.794912535538 0.795024715892 0.795043503884 0.795026174445 0.795047393449 0.795027290752 0.795006200368 0.794975134606 0.794982802708 0.794989826985 0.794980344754 0.794930296942 0.794855249871 0.794765207149 0.794692515248 0.794572406978
l=0.500000
 0.774365730778 0.758107663142 0.757078304795 0.75690192954 0.766557263499 0.78485275659 0.789768594609 0.790907459379 0.791047557635 0.790639874579 0.79015181129 0.789728200561 0.789283219303 0.789032018274 0.788849030694 0.788742049063 0.788708722434 0.788701344077 0.788625905643 0.78856965999 0.788479758274 0.788376520981 0.788202309996 0.788060481414 0.787942025977 0.787831245368 0.787685308014 0.787531979039 0.787363873185 0.787180080013 0.786983593289 0.786747827588 0.786504526137 0.78624041134 0.785950041989
l=0.400000
 0.774095218502 0.757796857696 0.756751581934 0.756213656025 0.746231128624 0.767390694783 0.773746366743 0.77742785815 0.779840414835 0.781450223737 0.782597309983 0.78323702108 0.783660433331 0.783998681027 0.784316220946 0.784520025884 0.784670832907 0.784925597607 0.785151536366 0.785274163989 0.785258981157 0.785191502337 0.785168266952 0.785104819511 0.785019732505 0.784927524451 0.784840483646 0.784766258207 0.784705448837 0.784664917749 0.784620164227 0.784562683607 0.784489923358 0.784412867282 0.78433794681
l=0.450000
 0.774227317989 0.757945438735 0.756910502604 0.756668680089 0.740868657936 0.761636049827 0.767518594364 0.770739278085 0.773489339898 0.775540979942 0.777070033103 0.778252757568 0.779088668361 0.779740990465 0.780292205405 0.780685532672 0.780952342766 0.781183948889 0.781415123397 0.781628988168 0.781791948065 0.781976477597 0.782182585113 0.78240088113 0.782573327836 0.782696911592 0.782791008312 0.782833628586 0.782831692444 0.782773157214 0.782682628147 0.782577246861 0.782591483085 0.782752230554 0.782861199785
l=0.350000
 0.773975310062 0.75764853548 0.756596852384 0.754815012394 0.766324235621 0.779758965074 0.783382399773 0.784477162739 0.785548663648 0.786113386738 0.786511505094 0.786899253263 0.787185306025 0.787324271981 0.787386693021 0.787318985157 0.787207024122 0.787139586206 0.787102682644 0.787044963754 0.787009118673 0.787020420263 0.787067084336 0.787126921341 0.787183983199 0.787257661941 0.787397243729 0.787554386871 0.787675289401 0.787758945892 0.787862672488 0.787961237413 0.788063253844 0.788150217512 0.788230642586
l=0.600000
 0.774653150963 0.758447730972 0.757424347031 0.757244133903 0.752044197221 0.770416945271 0.774852474804 0.776712680107 0.777519557207 0.777808754538 0.777855720058 0.777849002853 0.777615835151 0.777399676369 0.777362276001 0.777326299203 0.777168635189 0.777025507792 0.776954434443 0.776964883648 0.777036701518 0.777079896108 0.777100039759 0.777078995872 0.777007439212 0.776927982969 0.776874849647 0.776814251143 0.776764389499 0.776742328544 0.776773947505 0.776797314211 0.776834705046 0.776871037111 0.776915983108
l=0.550000
 0.774509038496 0.758276763013 0.757251197324 0.757072149122 0.749338567568 0.767471477088 0.771653822561 0.773069828745 0.773736474239 0.774048454468 0.774324339117 0.774741412705 0.775378612783 0.775848481632 0.776116458315 0.776206514362 0.776175316231 0.776072230361 0.775919558279 0.775746017728 0.775555637784 0.775375969208 0.775202085449 0.77501372971 0.774843703472 0.774692269294 0.774561935533 0.774438755199 0.774335686772 0.774241820255 0.774149271392 0.774054944633 0.773952476963 0.773848988531 0.773757850257
l=0.700000
 0.774953223926 0.758801052886 0.757780581866 0.757595794286 0.747213596832 0.764783726095 0.771571526203 0.77395943296 0.774627377647 0.774568998526 0.774199303255 0.773670084763 0.77295370594 0.77220531212 0.771502503427 0.77077706935 0.770078352804 0.769413023525 0.768745701384 0.768185252233 0.767791288395 0.767521351311 0.767307341467 0.767106186077 0.766896646378 0.766700351554 0.76657709963 0.766552977259 0.766516591236 0.766510386116 0.766502826957 0.766476762785 0.766401493908 0.766314691316 0.76624321233
l=0.750000
 0.775112319255 0.758984594455 0.757964755539 0.757776027083 0.749620096286 0.755683575731 0.765243201611 0.76695853006 0.766989464105 0.767147883937 0.767265877308 0.767381976206 0.767372907268 0.767169155752 0.767004974671 0.766874886856 0.766870060536 0.766891391858 0.766838424682 0.766726725104 0.76659320322 0.766377734176 0.766133018524 0.765897437198 0.765676810857 0.765515687404 0.765417691818 0.76543417622 0.765483465156 0.765572601369 0.765705121766 0.765871687566 0.766060846921 0.766277094274 0.766504288445
l=0.650000
 0.774801878554 0.758622839084 0.757600488612 0.757418624555 0.7511314541 0.763409175675 0.767063734107 0.767566869067 0.767436777296 0.767177812317 0.766937069527 0.766892494874 0.767040919758 0.767356825661 0.767762870321 0.768212398674 0.768671323399 0.769113089015 0.7695620408 0.769994035209 0.770362700429 0.770642679456 0.77088826601 0.771113036338 0.771319979529 0.771470501818 0.77162825101 0.771766752288 0.771879019331 0.771957670234 0.772011018157 0.772078657398 0.77213741085 0.772183707549 0.772230476664
l=0.900000
 0.775661393816 0.75956871516 0.758549361283 0.758346330935 0.754515566041 0.742284058233 0.757862372401 0.764669008807 0.766606090678 0.767251026546 0.767238040412 0.766757212838 0.766191998091 0.765620093251 0.765142330554 0.764740561288 0.764401658889 0.764013129595 0.763610091267 0.763231429672 0.762858550456 0.762516417902 0.762229991904 0.761973488967 0.761794983669 0.761639799026 0.76150420992 0.761417464083 0.761389144973 0.761396169923 0.76143973439 0.761485892301 0.761556481228 0.761643906003 0.761699626283
l=0.850000
 0.775470681448 0.759368111654 0.758349323292 0.758151514127 0.754064193507 0.762320706834 0.772231990652 0.772210244683 0.771316249849 0.770442703835 0.769534141283 0.768898558312 0.768461880485 0.768052343595 0.767764421378 0.767471376999 0.7671783019 0.766885457931 0.76661816517 0.766329358837 0.766024360572 0.765752518563 0.765519364969 0.765305801649 0.765095264003 0.764884180228 0.764709876799 0.764554370445 0.764412230295 0.764312806736 0.764238470267 0.76417482771 0.764121382325 0.764072769286 0.764043237346
l=0.800000
 0.775286704466 0.75917205136 0.758155562492 0.757963399493 0.745138241651 0.750055470387 0.764340865636 0.767629709728 0.767948902688 0.767582864835 0.767269280604 0.76690934355 0.766681391049 0.766335191237 0.765978680729 0.765716612929 0.765477673637 0.765191101145 0.764827350457 0.764435216657 0.764113742033 0.763861362215 0.76367217417 0.76356616073 0.763502410012 0.763489983587 0.763527578073 0.763645896991 0.763825973496 0.764007995545 0.764205901583 0.764406670943 0.764603572034 0.764801035309 0.764974486101
k=7

l=0.050000
 0.77340098805 0.756865917375 0.755499380482 0.813213948752 0.822011177563 0.826005931262 0.829606958812 0.832800800967 0.83545054235 0.838451633904 0.841434508181 0.843916165108 0.845952913682 0.847485568122 0.848778234488 0.850219512416 0.851326986177 0.852719570867 0.854042810777 0.855249603287 0.856484035209 0.857705832272 0.858938677873 0.859984127949 0.860816268435 0.861549682127 0.862222211099 0.862770645451 0.863252160873 0.863643245205 0.863915053181 0.864344706187 0.864909881652 0.865175440923 0.865619045493
l=0.200000
 0.773720105413 0.757295352556 0.756226650052 0.749789483394 0.807973607303 0.814602161903 0.818170187768 0.820351687194 0.821625017763 0.821943556034 0.822072053639 0.822183647457 0.822335686136 0.822575450182 0.822784282872 0.822996946678 0.823054368085 0.823002645376 0.822860658106 0.822770573676 0.822659399067 0.822644753459 0.822690910109 0.822828973039 0.822994337905 0.82315005781 0.823306546133 0.823451097377 0.823578915611 0.823645582922 0.823746859385 0.823846466664 0.823972330646 0.824137234661 0.824283468349
l=0.250000
 0.773839712204 0.757449944986 0.756392546717 0.743874327647 0.781220054155 0.795851171644 0.802805034013 0.80753937392 0.810905842791 0.813543750228 0.815454428216 0.816654862004 0.817450976554 0.818471547022 0.819485224078 0.820305104387 0.820709824364 0.820992772752 0.821254490386 0.821475568421 0.821730154694 0.822052633042 0.822380081001 0.822787592182 0.823146014454 0.823447085599 0.823669034856 0.823800497052 0.823873393209 0.823932765206 0.823987139416 0.824003288077 0.824000543898 0.82400771375 0.824003837474
l=0.300000
 0.773965115952 0.757614702084 0.756562771517 0.753607105565 0.774176352692 0.791693598516 0.800442968728 0.805506150608 0.808616847397 0.811068793682 0.81275791631 0.813819631363 0.814400083876 0.814763383777 0.815185881671 0.815579996756 0.815798972807 0.815780057429 0.815718404003 0.815544695693 0.815404996211 0.815231798275 0.815020343978 0.814878352048 0.814688442534 0.814495183936 0.814295349811 0.814093414339 0.813883667664 0.813702003769 0.81353308221 0.813389370543 0.813252215975 0.813148845427 0.813073427533
l=0.100000
 0.773492510445 0.757003649517 0.755924799435 0.771292877799 0.805526441654 0.815646279896 0.820959358135 0.824927773436 0.828263226762 0.830956829816 0.833551766742 0.836255307724 0.83899581488 0.841680680771 0.84398541081 0.845914505104 0.847490457432 0.848802139424 0.849877423473 0.850704645307 0.851376158791 0.852080177188 0.852812711085 0.853529607939 0.854181257422 0.854743552382 0.855193462482 0.855585423636 0.855899673097 0.856185156948 0.856485449259 0.856818654897 0.857181335356 0.857565880676 0.857922424528
l=0.150000
 0.773600191773 0.757148470014 0.756076100875 0.759400519874 0.805165545957 0.80757993487 0.810428221224 0.812918764662 0.815434559602 0.817649685048 0.819663457709 0.821911439978 0.8239917468 0.825888335332 0.827885470714 0.829831036691 0.831465263022 0.832890667393 0.834105720544 0.835161284992 0.836117275805 0.836905470634 0.837585743176 0.838263223039 0.838882015951 0.83946096976 0.839961148608 0.840382181054 0.840783797602 0.841106468604 0.841412532706 0.841697948032 0.841976050273 0.842232213991 0.842456640735
l=0.400000
 0.77425713528 0.757949192614 0.756915372596 0.756394051968 0.748527339479 0.775796954124 0.785149391106 0.790227701475 0.793483162052 0.79577803742 0.797321600344 0.798515333605 0.79912822837 0.799466744384 0.799790841881 0.800059872717 0.800300357418 0.800452975898 0.800557310459 0.800675934029 0.80086800519 0.801049771566 0.801254300124 0.801523393656 0.801851503193 0.802215194474 0.802567859386 0.802947774626 0.803360991809 0.803783157144 0.804181146781 0.804572705391 0.804944864443 0.805292269742 0.805624393909
l=0.500000
 0.774581375229 0.758326411036 0.757300143541 0.757121596562 0.761661703145 0.7889522066 0.792693545192 0.793319029062 0.794060240535 0.7947859249 0.795440741234 0.795994349351 0.796539205614 0.796908505601 0.797131094012 0.797248299577 0.797271788783 0.797200485484 0.797123355171 0.797030582001 0.796922489035 0.796859937995 0.796798144002 0.796690914912 0.796577859365 0.796509939159 0.796479386291 0.796475698948 0.796484090152 0.796505058069 0.796546638044 0.796598461802 0.79666815839 0.796738835007 0.796821980453
l=0.450000
 0.774417296729 0.758135856466 0.757106236898 0.756860812409 0.745956823169 0.773734486714 0.781983495039 0.786671525305 0.790325976276 0.793135315491 0.795187607364 0.79674426798 0.797780845649 0.798411591868 0.798873730996 0.799226880532 0.799533858775 0.799826526729 0.800107250735 0.800411256639 0.800686573522 0.800971511158 0.801242030385 0.80147162403 0.80165676638 0.801794645695 0.801937246715 0.802089463237 0.802230400641 0.80234895771 0.802454010949 0.802552223702 0.802646526509 0.802726253603 0.802790970791
l=0.600000
 0.77492252493 0.758715518349 0.75769723944 0.757514237234 0.752009612641 0.770191137132 0.779632407097 0.784135273417 0.786252828006 0.787695536093 0.788661947197 0.78936986867 0.789897931114 0.79033004774 0.790710226527 0.791072098971 0.791387437022 0.791598837248 0.791749298388 0.791838270887 0.791821331142 0.791769191387 0.791675569298 0.791565946168 0.791477394127 0.791407305365 0.791379045506 0.791387270188 0.79141896066 0.791468299838 0.791548297349 0.791625132252 0.791707947121 0.79180421931 0.79193381772
l=0.350000
 0.774104505714 0.757780519291 0.756734967013 0.75487206608 0.76434189866 0.790056928817 0.7994539055 0.802877935986 0.804467849062 0.805307582455 0.805797045955 0.806343798123 0.806753839457 0.807150230424 0.80754978656 0.808035673964 0.808506787043 0.808890268803 0.80937667241 0.809942992983 0.810433370486 0.810874418515 0.811293523843 0.811681712444 0.812030882094 0.812410814324 0.812807927842 0.813189159231 0.813572565569 0.813980033638 0.81437134833 0.814796863092 0.81516508569 0.815476808708 0.815769756829
l=0.550000
 0.77474984609 0.758518636218 0.757495421101 0.757315396455 0.754132525792 0.778354381536 0.785185707888 0.787680591265 0.789068659666 0.790242561156 0.791010606009 0.791474869753 0.791653033604 0.791627662278 0.791608045205 0.791490044947 0.791471914513 0.79143543755 0.791405761353 0.791484159355 0.791528686895 0.791574426671 0.791570490091 0.791516414144 0.791520195011 0.791588135525 0.7916463213 0.791724195186 0.791766177829 0.791813402905 0.791878759785 0.791924951064 0.791952688292 0.791980393148 0.792017566339
l=0.800000
 0.77574472761 0.75957174423 0.758556147877 0.758352892914 0.746014778624 0.75100955601 0.765939130366 0.770304974199 0.772510148455 0.773794549841 0.774807663732 0.775759759743 0.776744928956 0.77776630817 0.778752167129 0.779689268403 0.780558738032 0.781291696347 0.781902443145 0.782343529201 0.782681688603 0.782965058286 0.783177869116 0.783326055452 0.783441639888 0.783551813004 0.783628013959 0.783676762246 0.783722612336 0.783755723366 0.78377964275 0.783799675215 0.783832619628 0.783876023205 0.783905243474
l=0.700000
 0.775308792943 0.75912907618 0.758115043993 0.757922652717 0.747703790036 0.766315903593 0.777082720604 0.781329549621 0.783430639741 0.784189456621 0.784356303276 0.78428391519 0.784054572577 0.783733337007 0.783407480214 0.783073515645 0.782802789637 0.782618912922 0.7824681531 0.782384737653 0.782380871163 0.782469086666 0.782549918308 0.782587601666 0.782640173757 0.782733944359 0.782835089047 0.782923010645 0.783009445528 0.783075524026 0.783178697717 0.78330920263 0.783451286318 0.783587118799 0.783728161837
l=0.750000
 0.775523620187 0.759348706585 0.7583339842 0.758135494259 0.746525845769 0.765729580307 0.780760291712 0.785450459803 0.78706511624 0.787670379631 0.787732234186 0.787696966964 0.787590260717 0.787439069083 0.787373979161 0.787360169209 0.787337197259 0.78717450216 0.786980878602 0.786790322241 0.78662141926 0.786538948012 0.786450787262 0.786392184666 0.786386265186 0.786377499294 0.786379922944 0.786359564503 0.786323788687 0.786277984648 0.786215150893 0.7861118225 0.785995606082 0.785899394047 0.785819129043
l=0.650000
 0.775106485185 0.75891937296 0.757902704088 0.757715277816 0.750023091003 0.773531720669 0.786052342695 0.79075353555 0.792442368716 0.793271769616 0.793801508294 0.794181620062 0.794362620221 0.794428274474 0.794427519518 0.794330716528 0.794182404338 0.794030734668 0.793944990603 0.79393739397 0.793959139779 0.793956840521 0.793975843145 0.793977132992 0.793949863827 0.793893912977 0.793819413141 0.793705314924 0.793560611586 0.793437232843 0.793327183887 0.79320706299 0.793061995785 0.792915527148 0.792745602641
l=0.850000
 0.775968577793 0.759800094733 0.758780106977 0.758573077774 0.753615217186 0.751899950803 0.771935409234 0.777994882536 0.78065288869 0.782513928542 0.783692732014 0.784519026299 0.785220531167 0.785866044518 0.786382749212 0.786831573226 0.78719043356 0.787492577136 0.787740955695 0.787946488044 0.788175128377 0.788357333456 0.78849428541 0.788603129709 0.788665317373 0.788714274099 0.788750911614 0.788785449077 0.788798758588 0.788815227154 0.788810711524 0.788802376938 0.788789037079 0.788773483906 0.788760270516
l=0.900000
 0.776200834969 0.760033552114 0.759008817343 0.758795280949 0.755495321357 0.744849832888 0.761193131789 0.768626935543 0.772030876761 0.774129196176 0.775380417045 0.776238155762 0.776821278637 0.777402381182 0.777892110401 0.778159414451 0.77828384616 0.778314829568 0.778257044331 0.778153975934 0.778032637448 0.777910365643 0.777802187464 0.777691484985 0.777567068922 0.777444608858 0.777347587702 0.777247505676 0.777160509069 0.777053759045 0.776948997448 0.776858286959 0.776766981202 0.776726834527 0.776708074926
k=8

l=0.300000
 0.774075785093 0.757731786026 0.756685128402 0.754113823566 0.791206896787 0.807191489172 0.809986372774 0.811106052898 0.812033885074 0.813209698144 0.814390436828 0.815504395538 0.816638450264 0.817708118148 0.818767538653 0.819716898701 0.820537525289 0.821321115391 0.822039459443 0.822775858074 0.823531355467 0.824206534725 0.824906167891 0.825619986028 0.826324725658 0.827096691483 0.827810032776 0.828506646631 0.829227420556 0.829980580745 0.830729426845 0.831504784222 0.832287593659 0.833028500806 0.833745087252
l=0.150000
 0.773648682802 0.757199316828 0.756128565591 0.760198520872 0.83276047362 0.837898838711 0.839280687324 0.840097416252 0.840174497877 0.840697070058 0.841638866158 0.842816812864 0.843978536847 0.845032471341 0.845884953933 0.846745363665 0.847596007123 0.848488476676 0.849344834058 0.85011854102 0.850941931183 0.851879625414 0.852787638876 0.853598246413 0.854351803454 0.855055409853 0.855809217518 0.85655959509 0.857261766961 0.857893129494 0.85847465819 0.858999814605 0.859493961599 0.859982610999 0.860440634892
l=0.100000
 0.773518532741 0.75703757001 0.75595799446 0.769950425149 0.813850258964 0.826011749058 0.835284655548 0.841651721482 0.846361797609 0.850290851533 0.85342852182 0.856216281462 0.858934243429 0.861251377015 0.86330927571 0.865109260256 0.866919246605 0.868762632359 0.870572976692 0.872362797854 0.874071385465 0.875743692097 0.877400099019 0.879068413063 0.880580626447 0.881978634417 0.883322323554 0.884612743493 0.885871493482 0.88707003827 0.888169076919 0.88918635292 0.890144212045 0.891031539628 0.891848230284
l=0.250000
 0.773922398256 0.757547299085 0.756493178935 0.743815593751 0.791208339439 0.808274596717 0.816774614062 0.82345623644 0.828779473587 0.833172259887 0.836805286083 0.839544562957 0.841625732378 0.843340518784 0.844683692176 0.845664847657 0.846303922549 0.846774118869 0.847196338006 0.847596638402 0.848020803485 0.848438972981 0.848791811958 0.849166959539 0.849532537557 0.849897089234 0.850175853791 0.8504165904 0.850579212455 0.850726890167 0.85087323363 0.850969509246 0.850976835462 0.850904366857 0.850801369619
l=0.050000
 0.773413442229 0.756880845537 0.755534413102 0.842217895751 0.853645425352 0.857706716773 0.86066416552 0.863496668071 0.865756214043 0.867298797635 0.869555297909 0.871425055221 0.873205591611 0.874634876224 0.875615670443 0.876616871645 0.87759458941 0.878729277205 0.880064742088 0.881512527011 0.883198246524 0.884979942046 0.8869495094 0.889117168747 0.891141634114 0.893061858837 0.894871991804 0.896586775936 0.898089129754 0.899490588373 0.900882560493 0.902276559725 0.903612415871 0.904891596924 0.906092869282
l=0.200000
 0.77378455788 0.757368182755 0.756303999754 0.750376240683 0.821371088957 0.832160853912 0.835880408185 0.838132202433 0.839895463544 0.841667060737 0.843838831879 0.845572148232 0.84687744172 0.847840238 0.848555943366 0.849123209509 0.849596551982 0.850062044267 0.850635250919 0.851438040282 0.852257602009 0.853026280224 0.853738663143 0.854379500814 0.855089045145 0.855841777934 0.856532327629 0.857155929354 0.857737533625 0.85827474953 0.858782592334 0.859266602521 0.859718207363 0.860146000561 0.860582060338
l=0.450000
 0.774614838885 0.758339504031 0.757311773268 0.75707372455 0.745750256277 0.789437846114 0.799587140238 0.804167537333 0.806773653283 0.808354393491 0.809635102931 0.810717545389 0.811805197715 0.812939565924 0.813858557394 0.814602987134 0.815281025658 0.815908582149 0.816492199063 0.816954674824 0.817413493093 0.817846323311 0.818211665255 0.818531637522 0.818823722364 0.8190777336 0.819341043639 0.819672864308 0.82000678137 0.820339098639 0.820664140704 0.820960928981 0.82122410305 0.821458969618 0.821685612182
l=0.550000
 0.775004339613 0.75877675654 0.757756972404 0.757572717425 0.751196375244 0.785391066921 0.796722014262 0.799255299938 0.8005678078 0.801201607316 0.801679582612 0.801939357662 0.802197511071 0.80251502862 0.802874091029 0.803253187712 0.803666311137 0.804128299837 0.804655529587 0.805177776965 0.805675633288 0.806061201491 0.806366687202 0.806650535933 0.806928919931 0.807228329253 0.807536449703 0.807839547849 0.80817484106 0.808530577709 0.808852789417 0.809136561106 0.809412583392 0.809672341312 0.809905263652
l=0.350000
 0.774247723634 0.757918599908 0.756884079712 0.754799615556 0.767635268905 0.799258190373 0.80812250204 0.812511792775 0.815598463144 0.81810815914 0.820022223535 0.821621751195 0.823296654796 0.825058818478 0.826558163631 0.827804747432 0.828850616232 0.829690738467 0.830310129173 0.83085904058 0.831383657379 0.831884797766 0.83235675781 0.832808867321 0.833230185604 0.83359393782 0.833905160395 0.834143827874 0.834396452843 0.834596125242 0.834773078761 0.834921343262 0.835072398349 0.835193269558 0.835357042492
l=0.500000
 0.774806391746 0.758555194517 0.757531833455 0.757351546416 0.76520105379 0.807057266216 0.814067293092 0.816505968201 0.818012721469 0.818942746154 0.819779349888 0.8201616065 0.820282363372 0.820391435266 0.820477860899 0.820521876825 0.820498529394 0.820499475901 0.820520422183 0.820518018622 0.820450644263 0.820346632036 0.820243921551 0.820217389918 0.820240094313 0.820232476651 0.820237205796 0.820286871462 0.820392190856 0.820587712798 0.820788946929 0.820944961516 0.821175069555 0.82144088004 0.821749894882
l=0.400000
 0.774429718014 0.758127188366 0.757096357666 0.756444056375 0.747056009405 0.782918258813 0.792772367165 0.798620499108 0.803073811981 0.806673007201 0.809200139707 0.811232685711 0.81294304523 0.81440817066 0.815736320725 0.816809089742 0.8176424406 0.81833806302 0.818953029706 0.819575896398 0.820089329928 0.820523653221 0.820875806997 0.821192946801 0.821473238683 0.821757317701 0.822005993191 0.822257082403 0.822536098922 0.822770438526 0.822985986874 0.823182599529 0.823389402153 0.823589584489 0.823782178621
l=0.600000
 0.775226793503 0.75900632874 0.757990709132 0.757801546338 0.744561233554 0.780918552326 0.790527434846 0.795894474049 0.798885100977 0.800682004546 0.80189282834 0.802740589401 0.803391750073 0.803939872153 0.804375574745 0.804745622364 0.805083404599 0.805364633772 0.805607857355 0.805831248796 0.80600729031 0.806178753242 0.806394388107 0.806631747457 0.806889223296 0.80717687685 0.807486864634 0.807792303797 0.808099276881 0.808391885139 0.808689000221 0.808963022666 0.809225801067 0.809489399577 0.80975091887
l=0.800000
 0.776234496976 0.760004231054 0.758980065813 0.758765355044 0.746333811089 0.753344058603 0.776252935063 0.785085539738 0.789924997654 0.793419025931 0.79586522113 0.797590186001 0.798763853814 0.799398875127 0.799791805169 0.799945622442 0.799963787594 0.799967063038 0.799972643174 0.799996654316 0.800059512735 0.800152777562 0.800283300552 0.80046969082 0.800659453004 0.800815587433 0.80094148255 0.801070196293 0.801200666105 0.801318571932 0.801453625384 0.801601586246 0.801730964998 0.801868694028 0.801989129369
l=0.750000
 0.775970147756 0.759745749599 0.758725565752 0.758518768423 0.747591726334 0.76183664842 0.78460862259 0.792944549309 0.796677986339 0.798811487776 0.799946383385 0.80068315905 0.801234269773 0.801841688753 0.802415300875 0.803002313264 0.803590192997 0.804151247651 0.804663970587 0.805147250891 0.805607377571 0.806056302389 0.806470663688 0.806855341304 0.807199279975 0.807501906343 0.807763647112 0.808009453962 0.808228598402 0.808419629545 0.808588684349 0.808735986437 0.808867243498 0.808972743383 0.809047459313
l=0.700000
 0.775716192589 0.759493099857 0.758477361031 0.758275480535 0.746061041767 0.767122185265 0.781921181258 0.787428055407 0.790082235077 0.791608885142 0.792775161572 0.793383783436 0.793642146295 0.793876658902 0.794292829734 0.794723820773 0.795079955218 0.795382985586 0.795581087193 0.795659586229 0.795684782397 0.795727407789 0.795837233031 0.79597551643 0.796112732842 0.796280500362 0.796470510306 0.796692322301 0.796914034964 0.797121990747 0.797322095559 0.797523098524 0.797687167309 0.797847094906 0.798016122754
l=0.650000
 0.775466318042 0.759246446253 0.758231714963 0.75803490663 0.749739141396 0.778555567528 0.790026407633 0.793035708955 0.794450694054 0.79530923207 0.795979047807 0.796440889857 0.796770341859 0.7969190751 0.796885065893 0.796795654703 0.796628039709 0.796423516272 0.796216774547 0.796086298874 0.795978333197 0.795843131639 0.795699997269 0.795642793609 0.795673047221 0.795748363583 0.79583152641 0.795919787949 0.796036524844 0.796177751409 0.796355140605 0.796525095127 0.796698750984 0.796908567123 0.797146221389
l=0.850000
 0.776502803503 0.76027002012 0.759240776844 0.759018052352 0.75273501223 0.759016897253 0.779095060591 0.786895982652 0.789839976029 0.7916853344 0.793251471113 0.794177545297 0.794642306598 0.794788815018 0.794712563231 0.794534082747 0.794296756943 0.793969762578 0.793560794522 0.793195925132 0.792878279497 0.792580104437 0.792262777575 0.791937858038 0.791669837715 0.791431625819 0.791252549817 0.791143411024 0.791084021734 0.791091363645 0.791142613937 0.791265084117 0.791442077917 0.791624561711 0.791772907565
l=0.900000
 0.77677087779 0.760543879405 0.759503581605 0.759273662197 0.755914061727 0.743481280878 0.771492292764 0.779275687638 0.783546519886 0.78601138359 0.787410166844 0.788347570137 0.789022580631 0.789584578362 0.790095271724 0.790583487616 0.790888725024 0.791211524974 0.79150046629 0.791736041443 0.791887914137 0.792048407861 0.792224692702 0.79240293128 0.792575434792 0.79275135692 0.79291718675 0.793047404995 0.793154282263 0.793246641915 0.793332640621 0.793411825369 0.79348154001 0.793549093502 0.793607364598
k=9

l=0.150000
 0.773697834616 0.757253356347 0.756182072127 0.758748664853 0.851626494134 0.858851744071 0.861092382481 0.863457426548 0.865296171508 0.866871315188 0.86836354703 0.870115418358 0.871695899639 0.872949400233 0.87423404011 0.875495726485 0.876750173499 0.877955351099 0.879068941862 0.880100623106 0.881028394493 0.881919090006 0.882723859567 0.883752714288 0.884844154661 0.885862054768 0.886785023767 0.887597983776 0.888319583384 0.888907339418 0.889407124758 0.889898753216 0.890343042229 0.890749950013 0.891122041112
l=0.050000
 0.773425874536 0.756896631742 0.755617218192 0.83997609337 0.86360510638 0.87340720031 0.878510350703 0.883505442303 0.887426384185 0.891057110256 0.894373120043 0.897508713702 0.899985352138 0.902684795864 0.904644206649 0.906191701835 0.907416981835 0.908939781333 0.91066636457 0.912090232643 0.913281181329 0.914558488499 0.915857768567 0.917224639027 0.918530100383 0.919832277713 0.921124525501 0.922430003062 0.923867616671 0.925489405569 0.926973173339 0.928347478267 0.929809592909 0.931236665629 0.932662529717
l=0.250000
 0.774011895877 0.757647618537 0.756597168519 0.744035922689 0.806184940138 0.825614675103 0.834741466579 0.841040551261 0.845244116019 0.848408775964 0.851119850289 0.853078522552 0.85457118505 0.855668385576 0.856777940736 0.857622324384 0.85819414379 0.858678938235 0.859063746965 0.859255604111 0.85942918864 0.8595564176 0.859628324924 0.859682756635 0.859713369102 0.8597113485 0.859698459955 0.859631195203 0.859492664096 0.859340888116 0.859172246024 0.858988559294 0.858805835945 0.858623556312 0.858451960152
l=0.300000
 0.774198360634 0.757850766892 0.75681270935 0.753923106348 0.787885504685 0.816598397764 0.829813115432 0.836494787574 0.840693956032 0.843555079308 0.84594009872 0.84799578427 0.84977489778 0.851118105264 0.852086389025 0.852897040585 0.853688385835 0.854287406409 0.854814687518 0.855556432848 0.856355086165 0.857154848134 0.857816584874 0.858401309664 0.858922075947 0.85935725523 0.859784023775 0.860167940386 0.860530482966 0.860866378185 0.861106916661 0.8612953714 0.861460434364 0.86160896868 0.861756541491
l=0.200000
 0.77384933347 0.757443785462 0.756386215599 0.750891898862 0.823175911573 0.83488592228 0.840733485408 0.844536396791 0.847572506237 0.850036784046 0.852281516146 0.854341208513 0.855949025448 0.85742683469 0.858691438609 0.859771879714 0.860744150913 0.861686349695 0.862510851143 0.863340620198 0.864073569173 0.864829436919 0.865551265049 0.866191522056 0.866759892509 0.867293423316 0.867822914449 0.868346516652 0.868839342896 0.869246371405 0.869657874873 0.870013769691 0.870348006307 0.870631194386 0.870818936767
l=0.100000
 0.773547028021 0.757072850076 0.755993360956 0.768762924732 0.822031466534 0.835415059877 0.842514422339 0.848552968025 0.855034734591 0.861483886354 0.866638089602 0.871035280028 0.874647881776 0.877644333737 0.880492686752 0.883116834583 0.885861406273 0.888476545329 0.890931635401 0.893281329456 0.895613187579 0.897783274035 0.899698353591 0.901440333849 0.902995632535 0.904465276048 0.905853444555 0.907128073722 0.908219225175 0.909168931002 0.910024713537 0.910776770508 0.911482806025 0.912137520797 0.91270868165
l=0.600000
 0.775572667092 0.759321119339 0.758304683895 0.758105724513 0.754351047113 0.799409878466 0.810460610251 0.815355196381 0.818106199138 0.820025643874 0.821405157505 0.822598234769 0.8235660668 0.824289436623 0.824776081104 0.824951720182 0.824886178432 0.824712241333 0.824585411558 0.824454295401 0.824377539793 0.824363611575 0.824329578016 0.82433222131 0.824345413521 0.824339671144 0.824306860534 0.824314413953 0.824327902989 0.824339935899 0.824349466946 0.824357582314 0.824364194011 0.824359879763 0.824334792629
l=0.500000
 0.77504485224 0.758796674798 0.757775646235 0.757589935127 0.758764098259 0.807361270333 0.815517136352 0.819073880157 0.821348416715 0.822758888298 0.824051254848 0.825246533329 0.82616702989 0.826778175985 0.827465549083 0.82818293179 0.828693509295 0.829033685977 0.829294747287 0.829679674749 0.830038337788 0.830356737343 0.830702386327 0.831001731735 0.83125529246 0.831494616271 0.831725918985 0.831912905859 0.832055640002 0.83213444594 0.832205833062 0.83228789632 0.832371039033 0.832491792899 0.832643464103
l=0.350000
 0.774399126161 0.758076714404 0.757044895926 0.755104685882 0.77610717944 0.808509583928 0.820698256006 0.827321917841 0.831567852094 0.834956951104 0.837640938918 0.839432065204 0.840639541096 0.841599418507 0.842334629742 0.842882150331 0.843299128545 0.843592665425 0.84401146593 0.844428725404 0.844840676199 0.845299499352 0.845752295568 0.846158588113 0.846481383447 0.846743697306 0.847008341649 0.847273676419 0.847530024303 0.847757405658 0.847932254753 0.848106107083 0.848241113577 0.848333867766 0.848401672799
l=0.550000
 0.775299065553 0.759051859968 0.758035440468 0.757844049657 0.751202606033 0.795214972716 0.80804399081 0.813691457783 0.81629966384 0.81769018928 0.818404980771 0.819123320999 0.819714568526 0.820276496457 0.820958297006 0.821694780555 0.822466270003 0.823226034923 0.824012147268 0.824846680487 0.825727353646 0.826656069459 0.827652160318 0.828588805338 0.829393740392 0.830104500599 0.830750641935 0.831350125059 0.831886233282 0.832378656267 0.832768972166 0.833063435135 0.833386786022 0.833700908098 0.833998920664
l=0.450000
 0.774820346195 0.758550088875 0.757525437701 0.75726380951 0.742417848174 0.792225989509 0.801656000597 0.805925423152 0.809130370223 0.811746219332 0.814157011777 0.816173309843 0.817889320271 0.819232472891 0.820403162933 0.821513447306 0.822528231452 0.823527891609 0.824515361089 0.825469407577 0.826379197754 0.827222668578 0.827986599936 0.828674151869 0.829343184857 0.829940123899 0.830487110506 0.830987000627 0.831425665102 0.831837665963 0.832191674009 0.832511247913 0.832798243612 0.833040338996 0.833263556757
l=0.400000
 0.774606269702 0.758311535185 0.757282424608 0.756670084381 0.751187554468 0.791760536318 0.806327922641 0.814043103138 0.819170352955 0.822868817426 0.825451913168 0.827235524796 0.828535495619 0.829585277721 0.830387750279 0.83106447996 0.831602158623 0.832095789208 0.832541881318 0.833040273606 0.833523499016 0.833957155383 0.834386319183 0.834778503258 0.835132623031 0.835407186261 0.835637061798 0.835815212789 0.836007232995 0.836172939527 0.836340461043 0.83646997091 0.836584241385 0.836680138683 0.836760707682
l=0.700000
 0.776145286877 0.759877493352 0.758853939458 0.758642225568 0.746218772918 0.774511942495 0.7968719676 0.805280881426 0.809207370374 0.811252837621 0.81271422015 0.81404232927 0.815113424059 0.815886095903 0.816442589132 0.816772819466 0.816907268764 0.817037218414 0.817064317855 0.817059359488 0.81707336717 0.817057466722 0.81703008394 0.816967070798 0.816878743607 0.816760110709 0.816601284871 0.816449815804 0.816306149336 0.816163132848 0.816043088589 0.815924660074 0.815828619489 0.815724316124 0.815610788465
l=0.750000
 0.776445502827 0.760167851854 0.75913943237 0.758917961386 0.746632693852 0.76380195584 0.787581950633 0.796381767088 0.800487915428 0.803065496525 0.805197834385 0.80672442401 0.80789546217 0.808814206886 0.809517817415 0.810144794947 0.810717668535 0.811209129896 0.811592207831 0.811907038426 0.812143240796 0.812399070263 0.812671656109 0.81290350814 0.813120056277 0.813363302071 0.813593648767 0.813817301223 0.814036394517 0.814268483107 0.814481267067 0.814664792981 0.814846026098 0.815022352566 0.815183812823
l=0.650000
 0.77585411442 0.759596279347 0.75857574024 0.758372163735 0.752820798747 0.786805528113 0.805550422155 0.812630929536 0.815883751882 0.817591672263 0.818236492753 0.818426918163 0.818472696731 0.818454161401 0.818432321659 0.818452955291 0.818464865843 0.818573891759 0.81875282616 0.818972988401 0.819244701459 0.819498380961 0.819753901474 0.819970326418 0.820159124869 0.820372527949 0.820561217427 0.820717354929 0.820860531346 0.820998943328 0.821137446519 0.821267124919 0.821406999067 0.821555917086 0.821712208554
l=0.800000
 0.776744411505 0.760467676919 0.75942917604 0.759198715252 0.747064364639 0.755342465323 0.787295360152 0.798190901818 0.803357816078 0.806377888829 0.808149908016 0.809202806098 0.80992885053 0.810195770371 0.810397071051 0.810609664065 0.810762802879 0.810773832461 0.810736210578 0.810675393378 0.810595782644 0.810544741236 0.810522994541 0.810480343066 0.810449658803 0.810439540546 0.810423309479 0.810420590226 0.810427507325 0.810439394593 0.810509936178 0.810607089887 0.810721499646 0.810812471799 0.810893734511
l=0.850000
 0.777048470628 0.760776461631 0.75972486802 0.759484004985 0.75267702552 0.752985348159 0.782654512945 0.793367541059 0.798721316919 0.801517439495 0.803178420155 0.804188192493 0.804804409161 0.805270062277 0.805784026183 0.806343440754 0.80687018425 0.807336183514 0.807725476509 0.808010351452 0.808163852671 0.808255810958 0.808304188974 0.808360407204 0.808415772276 0.808454999768 0.808501699163 0.808593179034 0.8086646979 0.808728683953 0.808801501185 0.808886843065 0.808952410368 0.809040814835 0.809118086108
l=0.900000
 0.777361337967 0.761091550681 0.760025143569 0.759775689833 0.754964239092 0.741891723955 0.771560484682 0.782857336181 0.78914886738 0.79240523615 0.794130376471 0.795452489752 0.796517301801 0.797358802851 0.798162612941 0.798868078909 0.799437671583 0.799841103967 0.800142352105 0.80042370455 0.800701629466 0.800978590523 0.801203934191 0.801422148852 0.801604028469 0.801742515368 0.801862855285 0.801993277629 0.802110059696 0.802216585899 0.80233821197 0.802449692078 0.802559346431 0.80267159199 0.802767768789
k=10

l=0.150000
 0.773746666739 0.757308438411 0.756240889818 0.759168914473 0.854362842307 0.860418985864 0.863544922018 0.866012478199 0.868468970621 0.871422957522 0.874201434529 0.876374449472 0.878367200343 0.880462479583 0.882590460759 0.884524576958 0.886382313755 0.888062087445 0.889394204869 0.890526840731 0.891810248507 0.893322327235 0.894737452704 0.89611868278 0.897383149291 0.898461417637 0.899429707501 0.90029868043 0.901073177299 0.901797973514 0.902532488714 0.903181061988 0.903732632997 0.904205819099 0.904652753653
l=0.250000
 0.774110011595 0.757747607418 0.756702247042 0.744124993851 0.815329137224 0.840874333424 0.848815687069 0.853826234803 0.858158140079 0.86186885394 0.864744809851 0.866959265064 0.868739387003 0.869818047721 0.870434230438 0.870870448949 0.871137659739 0.87153609288 0.871798813608 0.871922320821 0.872109210415 0.872342089716 0.872577288579 0.872836924853 0.87311115467 0.873336946943 0.873596780831 0.873859348465 0.874091884549 0.874307869282 0.874493248961 0.874661742706 0.874818930901 0.874952501233 0.875103137076
l=0.200000
 0.773916602179 0.757524651074 0.756469304199 0.750373585569 0.843589364166 0.855825221778 0.861477021552 0.866146826841 0.8708827445 0.874888498769 0.878305084528 0.881607029167 0.884625710171 0.887191380696 0.889440500414 0.891232423642 0.892707669195 0.894116841545 0.895335493481 0.896567443362 0.897759077407 0.898890983558 0.900095091156 0.901227121549 0.902358859388 0.903448666958 0.90444689216 0.905434659613 0.906259174487 0.907027982154 0.907664070209 0.908116810623 0.90846230888 0.908740782849 0.908983968362
l=0.100000
 0.773578259024 0.757108357639 0.756030449945 0.78596710362 0.848059535789 0.863776181272 0.872858420107 0.878945380517 0.88343672473 0.887223496482 0.890727567018 0.893672611361 0.896494822387 0.899378947821 0.902286799812 0.904982150282 0.907391115454 0.909526550882 0.91155384138 0.913587550096 0.915589970354 0.9174925787 0.919277575716 0.920903133087 0.922506617746 0.924251386341 0.925922220409 0.927469456526 0.928912670774 0.930228292575 0.931501057484 0.932668165807 0.933711193599 0.934718227974 0.935701085371
l=0.300000
 0.774326851695 0.757983274692 0.756950004003 0.753981410445 0.783280276876 0.823557469382 0.836929683356 0.845154800399 0.850636679712 0.854207811195 0.8568998179 0.858959941229 0.860801055489 0.862471648115 0.863900059806 0.865040592297 0.86596757018 0.866702835608 0.86729439354 0.867807143321 0.868225997718 0.868594967449 0.868874541186 0.869092940288 0.869376041186 0.869661429944 0.869916603332 0.87015836743 0.870438337887 0.870687406922 0.870854752946 0.870997942671 0.871161106289 0.871360136433 0.87153834489
l=0.050000
 0.773438197032 0.756913868344 0.755625600883 0.864684549498 0.885043182299 0.894469316601 0.901347582655 0.907835897308 0.912376311518 0.916002100808 0.919723326657 0.923543750273 0.927072915206 0.930403627346 0.933474055878 0.936428624323 0.938793635712 0.940874306306 0.942706046857 0.944326573439 0.94577542875 0.947348260378 0.949248862157 0.950729184103 0.952091069883 0.953562902213 0.95516889909 0.956817756344 0.958509239054 0.960211719631 0.961931262088 0.963510363211 0.965045204036 0.966528677921 0.967935295019
l=0.600000
 0.775935524053 0.7596502822 0.758627182549 0.758421749991 0.751104265014 0.795663624168 0.813478625562 0.821284265146 0.825861881519 0.828710569743 0.83078841013 0.832490201642 0.834064524331 0.835565147532 0.836852555006 0.837990511679 0.838962086988 0.839870041081 0.84062445236 0.841326567735 0.841914750296 0.842466700605 0.842948393058 0.843363019459 0.843695165954 0.843999847121 0.844310047642 0.844545382248 0.844764293922 0.844938685643 0.845081682609 0.845171713102 0.845229261209 0.845253916751 0.845267269288
l=0.500000
 0.775319056549 0.759050847938 0.758032963172 0.757841130649 0.760875698574 0.824236832278 0.835618388684 0.840006023814 0.842236303123 0.844221941799 0.846202860515 0.848110025596 0.849822365688 0.850907895315 0.851415682613 0.851699449499 0.851927870194 0.852016015407 0.852109182925 0.852202862904 0.8522842842 0.852335001697 0.852361078397 0.852390907323 0.85251831526 0.852688954859 0.852851418328 0.852957044645 0.853044649398 0.853120035071 0.853220595886 0.853316766276 0.853407011816 0.853477733032 0.853566149642
l=0.400000
 0.774789167874 0.758501064545 0.757473987006 0.756787455198 0.744589214249 0.801337553973 0.815824529335 0.824578436226 0.831079110475 0.836015291514 0.83941027279 0.841855765068 0.843887311139 0.845704528959 0.8471479819 0.848307427673 0.84926392502 0.850033441999 0.850675754682 0.851278660851 0.851877823603 0.852409706942 0.852900236609 0.853368202326 0.853830762297 0.85424452074 0.854681249566 0.855046043659 0.855342248104 0.855606897429 0.85590151336 0.856229405501 0.85650607115 0.85673846099 0.856948290719
l=0.450000
 0.77503634341 0.758770775436 0.757747738224 0.757488279372 0.747766334875 0.805411499196 0.81866542611 0.825117589238 0.829687188862 0.83269362066 0.835318688934 0.837446850113 0.839247852309 0.840802579046 0.84227064949 0.843590842295 0.844761666136 0.845812340852 0.846819038116 0.847716334085 0.848554818183 0.849303468593 0.849959168819 0.85056275226 0.851087866756 0.851532212157 0.851888668591 0.852221816512 0.852507275743 0.852775059163 0.853044508163 0.853307951704 0.853589005365 0.853833350286 0.854056071764
l=0.350000
 0.774554741392 0.758239888842 0.757210154715 0.755288246484 0.765501566734 0.809059817607 0.828300893657 0.839533146533 0.846790629144 0.851461006773 0.854670691637 0.857059280333 0.858790728608 0.860022752161 0.860976233412 0.86188727694 0.86260685018 0.863158624446 0.863667977118 0.864047314717 0.864333526181 0.86448652099 0.864521216617 0.864473217604 0.864350963569 0.86415540019 0.863908250095 0.863664023002 0.863401690068 0.863159095624 0.862930339963 0.862780288102 0.862653859693 0.862568020429 0.862529146233
l=0.550000
 0.775622655629 0.759347344339 0.758328963234 0.758128774248 0.75163906456 0.796371128208 0.809579097913 0.814481723673 0.817047474294 0.81876420654 0.82006628103 0.821267954128 0.822645651759 0.823963230929 0.82523066302 0.826414534066 0.827556603658 0.828508838386 0.829243666038 0.829920117098 0.830555428653 0.831124192992 0.831733435528 0.832390100182 0.833014822369 0.833639904995 0.834172673494 0.834639121396 0.835070826366 0.835412985576 0.835668006723 0.835881421338 0.836051989444 0.836195915485 0.836311196242
l=0.800000
 0.777270222662 0.760958814365 0.759898201376 0.759650221798 0.747247509173 0.757302779822 0.792958744934 0.807119854171 0.814443950656 0.818623060077 0.820946635594 0.82234586421 0.823026532081 0.823345083093 0.823619980499 0.823796034657 0.823869279801 0.823795440492 0.823609848709 0.82339382823 0.823242585045 0.823125328254 0.823025666285 0.822989369789 0.822919105866 0.822835300715 0.822736750001 0.822642004283 0.822569912204 0.822505895548 0.822448179919 0.822413427279 0.822397304877 0.822390223991 0.822390233455
l=0.900000
 0.7779690337 0.761660587233 0.760578021401 0.760303460044 0.755729448255 0.743544777438 0.781724884466 0.794967578679 0.800663823675 0.803935113003 0.80640999259 0.808242834802 0.809715469498 0.810913981437 0.811781193349 0.812463742211 0.813073182459 0.813610124536 0.814089496107 0.814463411694 0.814853278793 0.815180838683 0.815474165391 0.815722954807 0.81592830937 0.816105861 0.816277217954 0.816375193428 0.816439207419 0.816540607782 0.816612514385 0.816661134957 0.816685155509 0.816713147918 0.816706222425
l=0.850000
 0.777616937437 0.761309345955 0.760234634793 0.759973593475 0.753962226791 0.762970376201 0.792855560788 0.803520144667 0.808703001684 0.811355276802 0.812988309494 0.813963699622 0.814570771395 0.815031937547 0.815299994069 0.815624061259 0.815909200722 0.816123315387 0.816340831099 0.816494106084 0.816557995606 0.81649817659 0.816391505022 0.816341677995 0.816245952825 0.816164417868 0.816122881757 0.816155181083 0.816173910257 0.816168998179 0.816176547217 0.816196436582 0.816236455509 0.816255736393 0.816277299472
l=0.700000
 0.776593151626 0.760283876203 0.759250428696 0.759024473389 0.747033746286 0.782542820847 0.808106010546 0.817115405115 0.82155643959 0.824000486718 0.825536737691 0.82637471081 0.82696858931 0.827347653466 0.827647890111 0.827798593539 0.827846597656 0.827892626655 0.827988437904 0.828126673191 0.828247558138 0.828374219085 0.828530922209 0.828745787218 0.829003335898 0.829340040691 0.829675629709 0.830038696604 0.83038779552 0.830717468462 0.831028045943 0.83132828059 0.831577157177 0.831796224189 0.832028486651
l=0.650000
 0.776262762931 0.759961358857 0.758934957802 0.758719887897 0.753192405271 0.788093925069 0.811277528051 0.821735672327 0.826116616289 0.828472077776 0.829902320438 0.830877523576 0.831694679911 0.832461009177 0.833154825496 0.833704502538 0.834245430362 0.834738156844 0.835174943937 0.835568672381 0.835962699829 0.836430371021 0.836911286076 0.837314457053 0.837571048823 0.837739640155 0.837892889519 0.838025689914 0.838096619219 0.838193229295 0.838304223943 0.838395443834 0.838465029663 0.838519959302 0.838541020066
l=0.750000
 0.776926605299 0.76061740103 0.759570301599 0.759334059069 0.747289796235 0.767043869679 0.796008969343 0.808598794847 0.814902072221 0.818154189665 0.819846938442 0.820668370198 0.821126309269 0.821560125127 0.822025810689 0.82248813372 0.822873329859 0.823210913964 0.823556709945 0.823915311276 0.824191961229 0.824475780041 0.824691603979 0.824838703201 0.824957959815 0.825021398922 0.825072311688 0.825098750484 0.825119119208 0.825102966542 0.825061899994 0.825046438536 0.825066561023 0.82511037995 0.825141570753
k=11

l=0.050000
 0.773450542595 0.756931522428 0.755645317664 0.868211268632 0.903008578741 0.91369006869 0.922955764079 0.93077466129 0.935567326574 0.939098894227 0.941922172956 0.944328759918 0.946499986175 0.948361809211 0.949820963236 0.951413714404 0.953342379436 0.955267582963 0.956941258417 0.958315144504 0.960064741102 0.961898999704 0.963549259354 0.965032217427 0.966486183608 0.967863697324 0.96934493886 0.970814984032 0.972257332276 0.973622695473 0.974807769112 0.975887820561 0.976907209149 0.977781827589 0.978544241831
l=0.200000
 0.773988625554 0.757606797672 0.756554386089 0.751679115451 0.851767388645 0.865140053991 0.870020249124 0.873386171204 0.875840197564 0.8783059057 0.881044105218 0.883696336385 0.885920676484 0.887708241317 0.889243334586 0.890488262349 0.89158248139 0.892638985523 0.89360706536 0.894440549781 0.895135894031 0.895701050971 0.896137004694 0.896563982071 0.89702496404 0.897578889633 0.898161879799 0.898919982892 0.899686278905 0.900461591161 0.901257978785 0.902039822941 0.902785978163 0.903504969437 0.904205414676
l=0.100000
 0.773611036058 0.757144034442 0.756066628886 0.781051754404 0.857765213428 0.877077215426 0.889608253173 0.898025420145 0.904298276268 0.910269782904 0.916270276416 0.921238588022 0.925314790227 0.928866547408 0.931803291813 0.933995641316 0.936534958472 0.938700774222 0.940394193016 0.941948020407 0.943514713977 0.945059074036 0.946469939556 0.947809962409 0.949125759586 0.95040772989 0.951555843457 0.952576997818 0.953541603327 0.954543767383 0.955437714478 0.956316053224 0.95713821164 0.957972910374 0.958921145258
l=0.250000
 0.77421338228 0.757850466418 0.756813043994 0.744117669137 0.812330391113 0.842004070197 0.855418567165 0.863217482826 0.867753781065 0.871250817656 0.873999749043 0.876392612146 0.878341665873 0.880069897644 0.88167013647 0.883079621398 0.884521287865 0.885764634996 0.886702975971 0.887475487544 0.88820959479 0.88880121618 0.889308524866 0.889776205827 0.890154127011 0.890565757035 0.890946940072 0.891289845402 0.891657312713 0.892088201182 0.892483556969 0.892856820319 0.89326695179 0.893693828488 0.894123670997
l=0.150000
 0.773795315097 0.757366460556 0.756302527694 0.76028848002 0.879120341858 0.886358295622 0.890308719508 0.893480756009 0.895949025049 0.898294707399 0.900257991002 0.902513287702 0.905106625206 0.907720576474 0.910006563242 0.911956164692 0.913511545868 0.915143091724 0.916673006785 0.918033662001 0.919303709538 0.920461320365 0.921540450159 0.922561369925 0.923494326937 0.924389337691 0.925319360882 0.926259916152 0.927206843289 0.928077382468 0.928890395908 0.929652124402 0.930395724093 0.931166936097 0.931956906669
l=0.300000
 0.774459994951 0.758124308777 0.757093327329 0.754257580811 0.793767646147 0.839169472076 0.854481429508 0.860780860163 0.865019982733 0.86842422947 0.871305468242 0.873834864239 0.875991925854 0.877951937275 0.879765173497 0.881344183394 0.882762974278 0.883995524983 0.885086004529 0.886030358547 0.886970188788 0.887859549536 0.888699910143 0.889554376903 0.890449058296 0.891284562601 0.892085035679 0.892884616356 0.893676025193 0.894478498494 0.895239601384 0.895990967871 0.896719364622 0.897426255206 0.898041471522
l=0.350000
 0.774713350386 0.758406012568 0.757377024872 0.755403437633 0.781902657998 0.830861367029 0.843853966818 0.849933197537 0.85450405185 0.858160050568 0.861043237301 0.863049551196 0.864771728023 0.866307695306 0.867800538084 0.869096492366 0.870485082545 0.871949373617 0.873331381397 0.874608801079 0.875858563625 0.877035769456 0.878162315097 0.879226593906 0.880212882424 0.881075661759 0.881838256147 0.882496557323 0.883079480464 0.88360256527 0.884110809725 0.884553567986 0.884974109843 0.885386069561 0.885757734712
l=0.550000
 0.775957933057 0.759652412835 0.75862819242 0.758421870044 0.755005734395 0.811468795381 0.827215357378 0.833647719947 0.83736448319 0.840572708922 0.843204494541 0.84512199388 0.846652301777 0.847889188759 0.848906121807 0.849614658828 0.849972886743 0.85010894681 0.850233828596 0.850400055073 0.850668940668 0.850991480454 0.851384481937 0.85180260561 0.852252713033 0.85273939605 0.853270315982 0.853742569931 0.854196406587 0.854676993688 0.855199100489 0.855776881689 0.85639797028 0.857048617277 0.857672992829
l=0.400000
 0.774977974481 0.758696825621 0.75767217011 0.757032319264 0.750487354183 0.80623110708 0.818720271056 0.827104746774 0.834134911602 0.839727499525 0.844221242746 0.847622114959 0.850290296706 0.852433722067 0.854230876566 0.855793199861 0.857125482701 0.858273412371 0.859365709537 0.860383157954 0.861304198612 0.862146989356 0.862918398223 0.863602378918 0.864270027108 0.864899984176 0.8654924046 0.866086080052 0.866713809374 0.867291175474 0.8678171156 0.868290667468 0.868733986145 0.869172399717 0.869594914179
l=0.500000
 0.775614439305 0.759322661395 0.758302664882 0.758103174938 0.763146055215 0.830437930338 0.843659328106 0.848983178554 0.852411774047 0.855271243916 0.857942195973 0.859916072628 0.861524234988 0.862923000313 0.863939894067 0.864758754622 0.865510220616 0.866097766574 0.866480749776 0.866821375955 0.867092370383 0.867223746952 0.867211252312 0.867163173163 0.867086084451 0.866998390715 0.866862432293 0.866775367987 0.866739866854 0.866709636618 0.866686901919 0.866654608054 0.866640666291 0.866635541775 0.866634361965
l=0.450000
 0.775281968558 0.759001208591 0.757981254471 0.757721120835 0.742500622025 0.813879801832 0.825719365415 0.831399738725 0.835593792422 0.839072926037 0.842043130557 0.844351098122 0.846412372811 0.848341056127 0.850048637332 0.851588669007 0.852829246388 0.853970776253 0.854991831649 0.85597057399 0.856763604387 0.857459402143 0.858135403678 0.858787594309 0.859442023676 0.860085772126 0.860732659936 0.861332879693 0.861939092063 0.862530325166 0.863174702802 0.86380901696 0.864409379654 0.865006675959 0.865608228381
l=0.600000
 0.77631833684 0.759992487017 0.758964361134 0.758747704484 0.750834063302 0.80738694185 0.824491189494 0.831818944675 0.835493581932 0.837877979213 0.839777306166 0.841137676678 0.842083170253 0.842797153986 0.843352367069 0.843835247132 0.844317477231 0.844829582509 0.845476096773 0.846259488443 0.846991442836 0.847629150622 0.848229596176 0.848935329095 0.849621944816 0.85020468885 0.850763226362 0.851269313705 0.851713493396 0.852064761639 0.852309011213 0.85252950869 0.8526722711 0.852782022327 0.852872043725
l=0.800000
 0.777810958421 0.761469462336 0.760391590604 0.760121361102 0.747605740509 0.761902682474 0.800041952439 0.811639326383 0.817289561629 0.82073212235 0.823150297438 0.824712132402 0.825877971198 0.826818069067 0.827500867761 0.828107791773 0.828686810645 0.829235348859 0.829802561533 0.830339990624 0.830821529212 0.831215988243 0.8315714561 0.831904169014 0.832216186225 0.832478794239 0.832720733507 0.832949653035 0.833143445787 0.833325155829 0.833472808451 0.833609390101 0.833746503764 0.833871608413 0.834005026415
l=0.900000
 0.778597314997 0.762244995141 0.761137561533 0.760840223988 0.755652450606 0.744022745444 0.79072703269 0.805264758869 0.812043515009 0.816301671081 0.819980639054 0.823331558369 0.82615295808 0.828364823315 0.830141956371 0.831510645241 0.832617937285 0.833519840255 0.834269408515 0.834831897289 0.835204748695 0.835496053616 0.835737564465 0.835911323459 0.836085702302 0.83624110632 0.836360528043 0.836473777139 0.836570023499 0.836675981416 0.836828223578 0.836970475111 0.837112209259 0.837262081682 0.837382884783
l=0.650000
 0.7766797998 0.760345761357 0.759308965298 0.759080239371 0.753053171291 0.792421852335 0.814382205561 0.824290396202 0.829774850588 0.83326443276 0.835683117109 0.837584957986 0.839045996599 0.840148422081 0.840979539262 0.841573240794 0.841986177249 0.842309725925 0.842582471602 0.84279350782 0.843046982095 0.843264556185 0.843477258987 0.843664283233 0.843825003131 0.843982658815 0.844192223069 0.844429133907 0.84468116541 0.844936016927 0.845175907348 0.845449794892 0.845759315816 0.846071656491 0.846452962899
l=0.850000
 0.778199338549 0.761852753632 0.760764604024 0.760480858625 0.753305939268 0.764764798122 0.803380702339 0.818408921204 0.824485111326 0.827210343379 0.828492671047 0.829421069066 0.830183008658 0.830790946916 0.831231021793 0.831653369471 0.832032885184 0.832508923131 0.833016443301 0.833474783539 0.83393013304 0.834389213756 0.834788433742 0.835230471133 0.835699033357 0.836087698986 0.836387377814 0.836612564788 0.836751969415 0.836841479606 0.836906268576 0.836963185997 0.837006070343 0.837031755479 0.837028171502
l=0.700000
 0.777048097004 0.760711799702 0.75966048315 0.759418312993 0.74796860863 0.781664079109 0.808668792549 0.820709929099 0.826736997879 0.830371282667 0.832806550749 0.834532191514 0.835742510657 0.836522771993 0.837006661792 0.837371529933 0.837725738518 0.837969661528 0.838168645776 0.83839643484 0.838667974848 0.838840608206 0.839029845705 0.839223798449 0.8394435191 0.839689438198 0.839937053177 0.840224446463 0.840560092403 0.840926134059 0.841303572134 0.841697845228 0.842038679631 0.842361448757 0.842683602489
l=0.750000
 0.777427746693 0.761087303931 0.760020195427 0.759765631708 0.748604374115 0.7685572234 0.803160946139 0.814768347685 0.818783883542 0.821067758931 0.822841344172 0.824057732864 0.824998688309 0.825833398024 0.8267508211 0.827684187171 0.828565060392 0.829303347646 0.830031749385 0.830678727331 0.831332281209 0.831985301451 0.832613471182 0.833223841824 0.833807418586 0.834357968102 0.834908210297 0.835481207871 0.836116671122 0.836716433735 0.837268469359 0.83781135285 0.838329740142 0.838805007299 0.839236945552
